3.398480000000000000e+05 6.850600000000000000e+04
5.595580000000000000e+05 6.636100000000000000e+04
7.812130000000000000e+05 6.558000000000000000e+04
1.006651000000000000e+06 6.302700000000000000e+04
1.250171000000000000e+06 6.186600000000000000e+04
1.482726000000000000e+06 6.118400000000000000e+04
1.704002000000000000e+06 6.043900000000000000e+04
1.926500000000000000e+06 6.043900000000000000e+04
2.146424000000000000e+06 6.043900000000000000e+04
2.377068000000000000e+06 6.043900000000000000e+04
2.606929000000000000e+06 6.043900000000000000e+04
2.846423000000000000e+06 5.969300000000000000e+04
3.071370000000000000e+06 5.969300000000000000e+04
3.292242000000000000e+06 5.958900000000000000e+04
3.516910000000000000e+06 5.958900000000000000e+04
3.737552000000000000e+06 5.958900000000000000e+04
3.965361000000000000e+06 5.958900000000000000e+04
4.186466000000000000e+06 5.958900000000000000e+04
4.412659000000000000e+06 5.958900000000000000e+04
4.631363000000000000e+06 5.954400000000000000e+04
4.859314000000000000e+06 5.954400000000000000e+04
5.086030000000000000e+06 5.954400000000000000e+04
5.304669000000000000e+06 5.954400000000000000e+04
5.519446000000000000e+06 5.954400000000000000e+04
5.743454000000000000e+06 5.954400000000000000e+04
5.971257000000000000e+06 5.954400000000000000e+04
6.201491000000000000e+06 5.954400000000000000e+04
6.409382000000000000e+06 5.954400000000000000e+04
6.638756000000000000e+06 5.952300000000000000e+04
6.865698000000000000e+06 5.907500000000000000e+04
7.096649000000000000e+06 5.907500000000000000e+04
7.328013000000000000e+06 5.907500000000000000e+04
7.568598000000000000e+06 5.907500000000000000e+04
7.790379000000000000e+06 5.907500000000000000e+04
8.019419000000000000e+06 5.907500000000000000e+04
8.251076000000000000e+06 5.907500000000000000e+04
8.473533000000000000e+06 5.907500000000000000e+04
8.692272000000000000e+06 5.907500000000000000e+04
8.914184000000000000e+06 5.907500000000000000e+04
9.147271000000000000e+06 5.907500000000000000e+04
9.364876000000000000e+06 5.907500000000000000e+04
9.577891000000000000e+06 5.907500000000000000e+04
9.810427000000000000e+06 5.907500000000000000e+04
1.002898000000000000e+07 5.907500000000000000e+04
1.025699700000000000e+07 5.907500000000000000e+04
1.046977400000000000e+07 5.907500000000000000e+04
1.069989900000000000e+07 5.907500000000000000e+04
1.091931900000000000e+07 5.907500000000000000e+04
1.115310100000000000e+07 5.907500000000000000e+04
1.137293600000000000e+07 5.907500000000000000e+04
1.158513600000000000e+07 5.907500000000000000e+04
1.181147100000000000e+07 5.907500000000000000e+04
1.203581100000000000e+07 5.907500000000000000e+04
1.225432700000000000e+07 5.907500000000000000e+04
1.249143900000000000e+07 5.907500000000000000e+04
1.270811400000000000e+07 5.907500000000000000e+04
1.293531300000000000e+07 5.907500000000000000e+04
1.315067800000000000e+07 5.907500000000000000e+04
1.337382100000000000e+07 5.907500000000000000e+04
1.359635900000000000e+07 5.907500000000000000e+04
1.382426600000000000e+07 5.907500000000000000e+04
1.404821500000000000e+07 5.907500000000000000e+04
1.427404900000000000e+07 5.907500000000000000e+04
1.449641000000000000e+07 5.907500000000000000e+04
1.471194300000000000e+07 5.907500000000000000e+04
1.493090800000000000e+07 5.907500000000000000e+04
1.514208400000000000e+07 5.907500000000000000e+04
1.536993000000000000e+07 5.907500000000000000e+04
1.557726500000000000e+07 5.907500000000000000e+04
1.579262800000000000e+07 5.907500000000000000e+04
1.601765400000000000e+07 5.907500000000000000e+04
1.626423600000000000e+07 5.907500000000000000e+04
1.649583700000000000e+07 5.907500000000000000e+04
1.672844600000000000e+07 5.907500000000000000e+04
1.694644700000000000e+07 5.907500000000000000e+04
1.717443000000000000e+07 5.907500000000000000e+04
1.739168900000000000e+07 5.907500000000000000e+04
1.760466200000000000e+07 5.907500000000000000e+04
1.783210800000000000e+07 5.907500000000000000e+04
1.805224900000000000e+07 5.907500000000000000e+04
1.826724100000000000e+07 5.907500000000000000e+04
1.848889000000000000e+07 5.907500000000000000e+04
1.871253800000000000e+07 5.907500000000000000e+04
1.893862800000000000e+07 5.907500000000000000e+04
1.918271900000000000e+07 5.907500000000000000e+04
1.941063000000000000e+07 5.907500000000000000e+04
1.963036100000000000e+07 5.907500000000000000e+04
1.984498800000000000e+07 5.907500000000000000e+04
2.007636700000000000e+07 5.907500000000000000e+04
2.027797900000000000e+07 5.907500000000000000e+04
2.051234000000000000e+07 5.907500000000000000e+04
2.075071900000000000e+07 5.907500000000000000e+04
2.099310100000000000e+07 5.907500000000000000e+04
2.122313200000000000e+07 5.907500000000000000e+04
2.145412100000000000e+07 5.907500000000000000e+04
2.168180000000000000e+07 5.907500000000000000e+04
2.190540900000000000e+07 5.907500000000000000e+04
2.213006700000000000e+07 5.907500000000000000e+04
2.235934400000000000e+07 5.907500000000000000e+04
2.258877700000000000e+07 5.907500000000000000e+04
2.281862400000000000e+07 5.907500000000000000e+04
2.305409500000000000e+07 5.907500000000000000e+04
2.327758300000000000e+07 5.907500000000000000e+04
2.349906100000000000e+07 5.907500000000000000e+04
2.371386200000000000e+07 5.907500000000000000e+04
2.394394300000000000e+07 5.907500000000000000e+04
2.417813000000000000e+07 5.907500000000000000e+04
2.440336000000000000e+07 5.907500000000000000e+04
2.463821700000000000e+07 5.907500000000000000e+04
2.484878600000000000e+07 5.907500000000000000e+04
2.507520200000000000e+07 5.907500000000000000e+04
2.529027200000000000e+07 5.907500000000000000e+04
2.551209400000000000e+07 5.907500000000000000e+04
2.572785800000000000e+07 5.907500000000000000e+04
2.595035000000000000e+07 5.907500000000000000e+04
2.616100100000000000e+07 5.907500000000000000e+04
2.638383600000000000e+07 5.907500000000000000e+04
2.660694700000000000e+07 5.902800000000000000e+04
2.681835100000000000e+07 5.902800000000000000e+04
2.704138200000000000e+07 5.901600000000000000e+04
2.725935500000000000e+07 5.809500000000000000e+04
2.748171000000000000e+07 5.778600000000000000e+04
2.770613100000000000e+07 5.778600000000000000e+04
2.791860700000000000e+07 5.778600000000000000e+04
2.813774700000000000e+07 5.778600000000000000e+04
2.834762100000000000e+07 5.778600000000000000e+04
2.857163200000000000e+07 5.751600000000000000e+04
2.878638000000000000e+07 5.741000000000000000e+04
2.899505300000000000e+07 5.741000000000000000e+04
2.921199900000000000e+07 5.741000000000000000e+04
2.942801100000000000e+07 5.741000000000000000e+04
2.963419700000000000e+07 5.741000000000000000e+04
2.984748700000000000e+07 5.741000000000000000e+04
3.005391400000000000e+07 5.741000000000000000e+04
3.027533800000000000e+07 5.741000000000000000e+04
3.048783900000000000e+07 5.741000000000000000e+04
3.071589600000000000e+07 5.741000000000000000e+04
3.093297600000000000e+07 5.741000000000000000e+04
3.115034700000000000e+07 5.741000000000000000e+04
3.139149500000000000e+07 5.741000000000000000e+04
3.162455600000000000e+07 5.741000000000000000e+04
3.183684400000000000e+07 5.734500000000000000e+04
3.205467100000000000e+07 5.734500000000000000e+04
3.226892200000000000e+07 5.734500000000000000e+04
3.246958000000000000e+07 5.734500000000000000e+04
3.267687900000000000e+07 5.734500000000000000e+04
3.289475300000000000e+07 5.734500000000000000e+04
3.309673400000000000e+07 5.734500000000000000e+04
3.331681400000000000e+07 5.734500000000000000e+04
3.353112000000000000e+07 5.734500000000000000e+04
3.376220400000000000e+07 5.730400000000000000e+04
3.397647100000000000e+07 5.728400000000000000e+04
3.419566400000000000e+07 5.728400000000000000e+04
3.440371000000000000e+07 5.728400000000000000e+04
3.461569200000000000e+07 5.728400000000000000e+04
3.481660900000000000e+07 5.728400000000000000e+04
3.502527000000000000e+07 5.728400000000000000e+04
3.522794700000000000e+07 5.728400000000000000e+04
3.543828300000000000e+07 5.728400000000000000e+04
3.565412000000000000e+07 5.726800000000000000e+04
3.587412800000000000e+07 5.726800000000000000e+04
3.608512500000000000e+07 5.726800000000000000e+04
3.629954000000000000e+07 5.726800000000000000e+04
3.651658600000000000e+07 5.726800000000000000e+04
3.673671200000000000e+07 5.726800000000000000e+04
3.694771300000000000e+07 5.726800000000000000e+04
3.716511800000000000e+07 5.726800000000000000e+04
3.738109600000000000e+07 5.726800000000000000e+04
3.759137400000000000e+07 5.726800000000000000e+04
3.780571800000000000e+07 5.726800000000000000e+04
3.802618800000000000e+07 5.726800000000000000e+04
3.823695500000000000e+07 5.726800000000000000e+04
3.843537400000000000e+07 5.726800000000000000e+04
3.865131000000000000e+07 5.726800000000000000e+04
3.884516900000000000e+07 5.726800000000000000e+04
3.905192900000000000e+07 5.726800000000000000e+04
3.925863600000000000e+07 5.726800000000000000e+04
3.946125000000000000e+07 5.726800000000000000e+04
3.967046900000000000e+07 5.726800000000000000e+04
3.988419400000000000e+07 5.726800000000000000e+04
4.009943900000000000e+07 5.726800000000000000e+04
4.032222600000000000e+07 5.726800000000000000e+04
4.054076400000000000e+07 5.726800000000000000e+04
4.075356500000000000e+07 5.726800000000000000e+04
4.096761500000000000e+07 5.726800000000000000e+04
4.117711000000000000e+07 5.726800000000000000e+04
4.140532800000000000e+07 5.726800000000000000e+04
4.163321700000000000e+07 5.726800000000000000e+04
4.184221400000000000e+07 5.726800000000000000e+04
4.205848800000000000e+07 5.726800000000000000e+04
4.226973500000000000e+07 5.726800000000000000e+04
4.248552800000000000e+07 5.726800000000000000e+04
4.270741200000000000e+07 5.726800000000000000e+04
4.291734500000000000e+07 5.726800000000000000e+04
4.313321000000000000e+07 5.726800000000000000e+04
4.335574100000000000e+07 5.726800000000000000e+04
4.357482400000000000e+07 5.726800000000000000e+04
4.378797100000000000e+07 5.726800000000000000e+04
4.399249600000000000e+07 5.726800000000000000e+04
4.419675900000000000e+07 5.726800000000000000e+04
4.440763900000000000e+07 5.726800000000000000e+04
4.462009100000000000e+07 5.726800000000000000e+04
4.484849400000000000e+07 5.726800000000000000e+04
4.507077400000000000e+07 5.726800000000000000e+04
4.529241400000000000e+07 5.726800000000000000e+04
4.550815300000000000e+07 5.726800000000000000e+04
4.572647900000000000e+07 5.726800000000000000e+04
4.594119700000000000e+07 5.726800000000000000e+04
4.614534100000000000e+07 5.726800000000000000e+04
4.636395600000000000e+07 5.726800000000000000e+04
4.657534900000000000e+07 5.726800000000000000e+04
4.677490500000000000e+07 5.726800000000000000e+04
4.697721300000000000e+07 5.726800000000000000e+04
4.717856800000000000e+07 5.726800000000000000e+04
4.738401100000000000e+07 5.726800000000000000e+04
4.758166300000000000e+07 5.726800000000000000e+04
4.778246100000000000e+07 5.726800000000000000e+04
4.800110300000000000e+07 5.726800000000000000e+04
4.821335900000000000e+07 5.726800000000000000e+04
4.842179900000000000e+07 5.726800000000000000e+04
4.863315300000000000e+07 5.726800000000000000e+04
4.885560800000000000e+07 5.726800000000000000e+04
4.907639300000000000e+07 5.726800000000000000e+04
4.927839000000000000e+07 5.726800000000000000e+04
4.949083000000000000e+07 5.726800000000000000e+04
4.970469700000000000e+07 5.726800000000000000e+04
4.992321300000000000e+07 5.726800000000000000e+04
5.013158700000000000e+07 5.726800000000000000e+04
5.034269600000000000e+07 5.726800000000000000e+04
5.055437500000000000e+07 5.726800000000000000e+04
5.077635200000000000e+07 5.726800000000000000e+04
5.099153000000000000e+07 5.726800000000000000e+04
5.120606200000000000e+07 5.726800000000000000e+04
5.141114900000000000e+07 5.726800000000000000e+04
5.162141900000000000e+07 5.726800000000000000e+04
5.182930400000000000e+07 5.726800000000000000e+04
5.203459100000000000e+07 5.726800000000000000e+04
5.223345600000000000e+07 5.726800000000000000e+04
5.243028700000000000e+07 5.726800000000000000e+04
5.264457800000000000e+07 5.726800000000000000e+04
5.284864500000000000e+07 5.726800000000000000e+04
5.305229800000000000e+07 5.726800000000000000e+04
5.325077200000000000e+07 5.726800000000000000e+04
5.345715100000000000e+07 5.726800000000000000e+04
5.366295400000000000e+07 5.726800000000000000e+04
5.387617300000000000e+07 5.726800000000000000e+04
5.410768800000000000e+07 5.726800000000000000e+04
5.431829200000000000e+07 5.726800000000000000e+04
5.453057700000000000e+07 5.726800000000000000e+04
5.473187800000000000e+07 5.726800000000000000e+04
5.494011500000000000e+07 5.726800000000000000e+04
5.513932000000000000e+07 5.726800000000000000e+04
5.535423800000000000e+07 5.726800000000000000e+04
5.556783400000000000e+07 5.726800000000000000e+04
5.579230400000000000e+07 5.726800000000000000e+04
5.600829200000000000e+07 5.726800000000000000e+04
5.623291500000000000e+07 5.726800000000000000e+04
5.645197800000000000e+07 5.726800000000000000e+04
5.666224300000000000e+07 5.726800000000000000e+04
5.687597200000000000e+07 5.726800000000000000e+04
5.708261800000000000e+07 5.726800000000000000e+04
5.729762600000000000e+07 5.726800000000000000e+04
5.752194600000000000e+07 5.726800000000000000e+04
5.774987200000000000e+07 5.726800000000000000e+04
5.796512000000000000e+07 5.726800000000000000e+04
5.817956500000000000e+07 5.726800000000000000e+04
5.840128300000000000e+07 5.726800000000000000e+04
5.862527800000000000e+07 5.726800000000000000e+04
5.882397500000000000e+07 5.726800000000000000e+04
5.903117600000000000e+07 5.726800000000000000e+04
5.924359100000000000e+07 5.726800000000000000e+04
5.947048100000000000e+07 5.726800000000000000e+04
5.969112000000000000e+07 5.726800000000000000e+04
5.990005900000000000e+07 5.726800000000000000e+04
6.011266600000000000e+07 5.726800000000000000e+04
6.033591000000000000e+07 5.726800000000000000e+04
6.055471700000000000e+07 5.726800000000000000e+04
6.076961400000000000e+07 5.726800000000000000e+04
6.098928900000000000e+07 5.726800000000000000e+04
6.120158900000000000e+07 5.726800000000000000e+04
6.140922400000000000e+07 5.726800000000000000e+04
6.163186900000000000e+07 5.726800000000000000e+04
6.184510000000000000e+07 5.726800000000000000e+04
6.206085300000000000e+07 5.726800000000000000e+04
6.228712700000000000e+07 5.726800000000000000e+04
6.250135100000000000e+07 5.726800000000000000e+04
6.270760600000000000e+07 5.726800000000000000e+04
6.291968900000000000e+07 5.726800000000000000e+04
6.314213800000000000e+07 5.726800000000000000e+04
6.336386600000000000e+07 5.726800000000000000e+04
6.359096700000000000e+07 5.726800000000000000e+04
6.381393200000000000e+07 5.726800000000000000e+04
6.403550300000000000e+07 5.726800000000000000e+04
6.424864500000000000e+07 5.726800000000000000e+04
6.445654400000000000e+07 5.726800000000000000e+04
6.466486900000000000e+07 5.726800000000000000e+04
6.487124400000000000e+07 5.726800000000000000e+04
6.508728500000000000e+07 5.726800000000000000e+04
6.530221300000000000e+07 5.726800000000000000e+04
6.552155400000000000e+07 5.726800000000000000e+04
6.574055000000000000e+07 5.726800000000000000e+04
6.596873400000000000e+07 5.726800000000000000e+04
6.616187400000000000e+07 5.726800000000000000e+04
6.638889000000000000e+07 5.726800000000000000e+04
6.660722300000000000e+07 5.726800000000000000e+04
6.682308300000000000e+07 5.726800000000000000e+04
6.703430000000000000e+07 5.726800000000000000e+04
6.723698400000000000e+07 5.726800000000000000e+04
6.744539500000000000e+07 5.726800000000000000e+04
6.765149800000000000e+07 5.726800000000000000e+04
6.784946500000000000e+07 5.726800000000000000e+04
6.805296400000000000e+07 5.726800000000000000e+04
6.826079500000000000e+07 5.726800000000000000e+04
6.847780500000000000e+07 5.726800000000000000e+04
6.868194000000000000e+07 5.726800000000000000e+04
6.888288400000000000e+07 5.726800000000000000e+04
6.909332200000000000e+07 5.726800000000000000e+04
6.930713700000000000e+07 5.722300000000000000e+04
6.952498300000000000e+07 5.722300000000000000e+04
6.972739900000000000e+07 5.722300000000000000e+04
6.992393200000000000e+07 5.722300000000000000e+04
7.012375700000000000e+07 5.722300000000000000e+04
7.033214000000000000e+07 5.722300000000000000e+04
7.053372500000000000e+07 5.722200000000000000e+04
7.073847300000000000e+07 5.703400000000000000e+04
7.094548900000000000e+07 5.703400000000000000e+04
7.115296300000000000e+07 5.703400000000000000e+04
7.136204500000000000e+07 5.703400000000000000e+04
7.157236400000000000e+07 5.703400000000000000e+04
7.177883200000000000e+07 5.703400000000000000e+04
7.198487200000000000e+07 5.681700000000000000e+04
7.219702500000000000e+07 5.681700000000000000e+04
7.240655700000000000e+07 5.681700000000000000e+04
7.262563200000000000e+07 5.681700000000000000e+04
7.282985800000000000e+07 5.677900000000000000e+04
7.303232200000000000e+07 5.677900000000000000e+04
7.324813700000000000e+07 5.677900000000000000e+04
7.346424300000000000e+07 5.677900000000000000e+04
7.369574500000000000e+07 5.677900000000000000e+04
7.390946600000000000e+07 5.677900000000000000e+04
7.412027600000000000e+07 5.677900000000000000e+04
7.433863300000000000e+07 5.677900000000000000e+04
7.457032700000000000e+07 5.677900000000000000e+04
7.482114800000000000e+07 5.677900000000000000e+04
7.504064100000000000e+07 5.677900000000000000e+04
7.524738300000000000e+07 5.677900000000000000e+04
7.547172100000000000e+07 5.677900000000000000e+04
7.570432700000000000e+07 5.677900000000000000e+04
7.591606100000000000e+07 5.677900000000000000e+04
7.612293200000000000e+07 5.677900000000000000e+04
7.633202100000000000e+07 5.677900000000000000e+04
7.654563800000000000e+07 5.677900000000000000e+04
7.677424000000000000e+07 5.677900000000000000e+04
7.699685500000000000e+07 5.677900000000000000e+04
7.721386400000000000e+07 5.677900000000000000e+04
7.743441000000000000e+07 5.677900000000000000e+04
7.764705700000000000e+07 5.677900000000000000e+04
7.786980400000000000e+07 5.677900000000000000e+04
7.807576200000000000e+07 5.674100000000000000e+04
7.828582100000000000e+07 5.674100000000000000e+04
7.850162200000000000e+07 5.674100000000000000e+04
7.872162500000000000e+07 5.674100000000000000e+04
7.893738600000000000e+07 5.674100000000000000e+04
7.916023100000000000e+07 5.674100000000000000e+04
7.937044800000000000e+07 5.674100000000000000e+04
7.958104000000000000e+07 5.674100000000000000e+04
7.979072600000000000e+07 5.674100000000000000e+04
8.000060200000000000e+07 5.674100000000000000e+04
8.020472100000000000e+07 5.674100000000000000e+04
8.041629300000000000e+07 5.674100000000000000e+04
8.063854700000000000e+07 5.674100000000000000e+04
8.085496000000000000e+07 5.674100000000000000e+04
8.106311200000000000e+07 5.674100000000000000e+04
8.128764900000000000e+07 5.674100000000000000e+04
8.149089200000000000e+07 5.670400000000000000e+04
8.171487400000000000e+07 5.670400000000000000e+04
8.194596300000000000e+07 5.670400000000000000e+04
8.216950000000000000e+07 5.670400000000000000e+04
8.239186400000000000e+07 5.670400000000000000e+04
8.261947300000000000e+07 5.670400000000000000e+04
8.283334500000000000e+07 5.670400000000000000e+04
8.304192400000000000e+07 5.670400000000000000e+04
8.326154700000000000e+07 5.670400000000000000e+04
8.347344900000000000e+07 5.670400000000000000e+04
8.367910200000000000e+07 5.670400000000000000e+04
8.389493800000000000e+07 5.670400000000000000e+04
8.412388300000000000e+07 5.670400000000000000e+04
8.435077400000000000e+07 5.670400000000000000e+04
8.455804900000000000e+07 5.670400000000000000e+04
8.477548400000000000e+07 5.670400000000000000e+04
8.497804400000000000e+07 5.670400000000000000e+04
8.518486800000000000e+07 5.670400000000000000e+04
8.540025000000000000e+07 5.670400000000000000e+04
8.562449800000000000e+07 5.670400000000000000e+04
8.585393600000000000e+07 5.670400000000000000e+04
8.609122400000000000e+07 5.670400000000000000e+04
8.631795000000000000e+07 5.670400000000000000e+04
8.653593700000000000e+07 5.670400000000000000e+04
