41763 67867
68884 64395
94855 63690
126011 63666
152143 63580
177493 61964
203478 61818
229638 61799
254034 61453
278606 61453
303678 60771
330299 60771
355550 60771
381767 60771
408399 60771
434667 60771
460146 60771
485357 60771
510943 60771
535927 60472
561744 60472
586198 60472
611865 60472
636963 60472
662729 60472
688635 60057
714030 60057
738519 60057
763021 60057
788731 60056
813877 60046
839919 60046
864714 59904
891072 59904
915364 59904
940271 59904
964785 59889
990615 59889
1017440 59889
1042547 59889
1067614 59889
1091855 59889
1116026 59889
1140727 59889
1165407 59673
1189653 59587
1213098 59582
1239891 59582
1264934 59582
1290618 59582
1315310 59582
1341062 59582
1366043 59582
1390966 59582
1415754 59582
1441523 59582
1467359 59582
1492633 59085
1518315 59085
1543663 59085
1568859 59045
1594279 59045
1619683 59045
1645187 59045
1670507 59045
1696115 59045
1723274 59045
1747247 59045
1771401 59045
1796495 59045
1822734 59045
1847759 59045
1874726 58963
1900319 58963
1925294 58889
1952127 58889
1976578 58889
2002559 58889
2028231 58889
2054606 58889
2079733 58889
2105174 58889
2130128 58889
2155606 58889
2180343 58889
2206271 58889
2230978 58889
2255710 58889
2280383 58889
2307879 58889
2333814 58889
2359043 58889
2384223 58889
2410335 58889
2436203 58889
2462851 58889
2487975 58889
2513394 58889
2538699 58889
2564474 58889
2590667 58889
2618262 58889
2644015 58889
2669662 58889
2694868 58889
2721559 58889
2747531 58889
2773835 58889
2798357 58889
2823614 58889
2849034 58889
2874959 58889
2900940 58889
2925831 58889
2951123 58889
2976767 58889
3002555 58889
3027519 58889
3052335 58889
3077915 58889
3103367 58889
3129922 58889
3155350 58889
3180395 58889
3206761 58889
3231310 58889
3256551 58889
3281962 58889
3307279 58889
3332615 58889
3358268 58889
3384377 58889
3410403 58889
3436479 58889
3462302 58889
3488818 58889
3514866 58889
3540295 58889
3565412 58889
3589475 58889
3613827 58889
3638942 58889
3664274 58889
3689827 58889
3715423 58889
3740363 58889
3765535 58889
3790532 58889
3815794 58889
3842522 58889
3868607 58889
3893349 58889
3918527 58889
3943933 58889
3970094 58889
3996410 58889
4021554 58889
4046651 58889
4071451 58889
4097189 58889
4122354 58889
4147719 58889
4173037 58889
4197811 58889
4223659 58889
4248623 58889
4274363 58889
4300599 58889
4326399 58889
4351411 58889
4376830 58889
4402291 58889
4427094 58889
4452831 58889
4479267 58889
4504218 58889
4530597 58889
4555979 58889
4581758 58889
4607230 58889
4630483 58889
4656086 58889
4680123 58889
4705543 58889
4729871 58889
4754699 58889
4778697 58889
4802798 58889
4826621 58869
4852668 58869
4878191 58869
4902867 58869
4929066 58869
4954659 58869
4980307 58869
5006190 58869
5031683 58869
5056899 58869
5082293 58869
5105955 58869
5131775 58869
5157589 58869
5182792 58869
5207765 58869
5233854 58869
5258354 58869
5283429 58869
5308955 58869
5334125 58869
5359119 58869
5384883 58869
5410393 58869
5435541 58869
5461062 58869
5485691 58869
5511096 58869
5536543 58869
5562474 58869
5588233 58869
5612525 58869
5637079 58869
5663210 58869
5688831 58869
5714751 58869
5739195 58869
5764655 58869
5790210 58869
5815169 58869
5840150 58869
5866374 58869
5891783 58869
5917943 58869
5942583 58869
5968569 58869
5994067 58869
6019279 58869
6043929 58869
6068753 58869
6094034 58819
6119558 58819
6144632 58819
6169783 58819
6195115 58819
6220963 58819
6246651 58819
6272531 58819
6296831 58819
6322370 58819
6347967 58819
6373698 58819
6398675 58819
6425051 58819
6451351 58819
6477023 58819
6502363 58819
6529194 58819
6555879 58819
6584633 58819
6608987 58819
6634699 58819
6659944 58819
6685795 58819
6711731 58819
6737726 58819
6762625 58819
6787434 58819
6812726 58819
6838351 58819
6864213 58819
6889666 58819
6916246 58819
6942275 58819
6967511 58819
6993527 58819
7018210 58819
7045065 58819
7070043 58819
7095733 58819
7120562 58819
7146563 58819
7171231 58819
7196026 58819
7221431 58819
7248902 58819
7276925 58819
7301655 58819
7326936 58819
7352806 58819
7379143 58819
7405495 58819
7432423 58819
7457536 58819
7482039 58819
7507758 58819
7533498 58819
7558574 58819
7583857 58819
7609149 58819
7635551 58819
7661414 58819
7685879 58819
7710423 58819
7736603 58819
7761823 58819
7786898 58819
7811825 58819
7837689 58819
7863095 58819
7888714 58819
7915124 58819
7940115 58819
7965049 58819
7988946 58819
8014343 58819
8039705 58819
8063719 58819
8088311 58819
8112667 58819
8137175 58819
8162397 58819
8188520 58819
8212673 58819
8238447 58819
8263610 58819
8289187 58819
8314619 58819
8339999 58819
8365527 58819
8390152 58819
8415713 58819
8440350 58819
8464515 58819
8489235 58819
8514199 58819
8538786 58819
8563975 58819
8589446 58819
8614795 58819
8640918 58819
8666237 58819
8690899 58819
8715686 58819
8739998 58819
8764990 58819
8789572 58819
8814255 58819
8838535 58819
8863859 58819
8888233 58819
8914306 58819
8940667 58819
8965892 58819
8992349 58819
9017807 58819
9044135 58819
9069542 58819
9094983 58819
9119357 58819
9144523 58819
9170415 58819
9195425 58819
9221030 58819
9246166 58819
9270733 58819
9296375 58819
9322419 58819
9348076 58819
9372525 58819
9398033 58819
9423307 58819
9447979 58819
9474226 58819
9500059 58819
9525263 58819
9550578 58819
9575970 58819
9601319 58819
9625841 58819
9651215 58819
9675675 58819
9700451 58819
9724782 58819
9748979 58819
9773398 58819
9798440 58819
9824487 58819
9849450 58819
9875046 58819
9900908 58819
9926151 58819
9950493 58819
9974651 58819
9999046 58819
10023475 58819
10047517 58819
10070855 58819
10095050 58819
10120107 58819
10144866 58819
10170319 58819
10196354 58819
10221675 58819
10247426 58819
10272629 58819
10298513 58819
10324630 58819
10349558 58819
10374811 58819
10399786 58819
10424079 58819
10449283 58819
10475395 58819
10500010 58819
10524757 58819
10549847 58819
10574235 58819
10598474 58819
10623038 58819
10647866 58819
10672598 58819
10697699 58819
10723022 58819
10748098 58819
10773083 58819
10798194 58819
10823295 58819
10848779 58819
10873950 58819
10901739 58819
10927961 58819
10952943 58819
10978842 58819
11005016 58819
11029503 58819
11054667 58819
11080371 58819
11106962 58819
11132242 58819
11157479 58819
11183878 58819
11208707 58819
11234215 58819
11259503 58819
11284365 58819
11310738 58819
11335275 58819
11361366 58819
11386575 58819
11410863 58819
11435874 58819
11461322 58819
11486686 58819
11511554 58819
11536691 58819
11562207 58819
11587905 58819
11613691 58819
11638731 58819
11663856 58819
11688958 58819
11714674 58819
11739767 58819
11765409 58819
11790062 58819
11814943 58819
11840178 58819
11864778 58819
11891083 58819
11916323 58819
11941107 58819
11966359 58819
11993069 58819
12018815 58819
12044211 58819
12069046 58819
12094651 58819
12118767 58819
12143042 58819
12168551 58819
12193107 58819
12219085 58819
12243955 58819
12269490 58819
12294421 58819
12319346 58819
12345006 58819
12370249 58819
12394367 58819
12418975 58819
12443828 58819
12468897 58819
12493103 58819
12518463 58819
12543211 58819
12568495 58819
12592819 58819
12618159 58819
12643791 58819
12670465 58819
12695914 58819
12721743 58819
12747762 58819
12773103 58819
12799131 58819
12824818 58819
12851203 58819
12875862 58819
12900743 58819
12926486 58819
12951995 58819
12977316 58819
13002158 58531
13026634 58531
13051034 58531
13075965 58531
13101679 58531
13127482 58531
13152619 58453
13179145 58453
13205607 58453
13230413 58453
13256670 58453
13282214 58453
13308515 58453
13333011 58453
13357095 58453
13382966 58453
13408142 58453
13433875 58453
13458994 58453
13484922 58453
13509074 58453
13533367 58453
13558498 58446
13583976 58446
13608994 58446
13632867 58446
13658218 58446
13683268 58446
13707994 58446
13733681 58446
13759170 58442
13784331 58442
13809318 58442
13834581 58442
13859714 58442
13884563 58442
13910523 58442
13935265 58442
13960686 58442
13986009 58442
14010207 58442
14035822 58442
14061513 58442
14086703 58442
14112578 58442
14136954 58442
14161743 58442
14186697 58442
14212847 58442
14238121 58442
14263847 58442
14288050 58442
14311835 58442
14337855 58442
14362894 58442
14388407 58442
14413235 58442
14440038 58442
14465595 58442
14490914 58442
14517529 58442
14542243 58442
14567395 58442
14593986 58442
14618706 58442
14644422 58442
14670226 58442
14695567 58442
14720023 58442
14743037 58442
14767738 58442
14792965 58442
14817391 58442
14843213 58442
14867599 58442
14892649 58442
14917959 58442
14943125 58442
14970351 58442
14995743 58442
15020357 58442
15043998 58442
15069082 58442
15093856 58442
15119371 58442
15144691 58442
15170069 58442
15196490 58442
15221578 58442
15245806 58442
15271279 58442
15295934 58442
15320735 58442
15345107 58442
15369555 58442
15394001 58442
15418074 58442
15443021 58442
15468034 58442
15493274 58442
15519392 58442
15544768 58442
15569982 58442
15595392 58442
15620069 58442
15646179 58442
15671407 58442
15697290 58442
15722072 58442
15747107 58442
15771985 58442
15795847 58442
15820975 58442
15846425 58442
15872063 58442
15898007 58442
15923999 58442
15949263 58442
15974439 58442
16001686 58442
16027251 58442
16053058 58442
16079193 58442
16105410 58442
16130706 58442
16155303 58442
16181396 58442
16207042 58442
16232519 58442
16258531 58442
16284378 58442
16309370 58442
16339395 58442
16365271 58442
16390719 58442
16415798 58442
16439783 58442
16464614 58442
16489755 58442
16516392 58442
16541818 58442
16566901 58442
16592451 58442
16617834 58442
16642143 58442
16667820 58442
16692159 58442
16716491 58442
16741623 58442
16767350 58442
16793105 58442
16818991 58442
16844790 58442
16870547 58442
16896767 58442
16921823 58442
16947294 58442
16973211 58442
16999286 58442
17024798 58442
17050216 58442
17076735 58442
17102051 58442
17129263 58442
17153688 58442
17178389 58442
17204163 58442
17229462 58442
17255051 58442
17280135 58442
17305287 58442
17330901 58442
17354870 58442
17380359 58442
17405140 58442
17430215 58442
17456318 58442
17483010 58442
17509642 58442
17536201 58442
17566563 58442
17591474 58442
17617695 58442
17644326 58442
17670707 58442
17695371 58442
17720498 58442
17746029 58442
17771509 58442
17796518 58442
17821746 58442
17846493 58442
17872163 58442
17897605 58442
17923511 58442
17949707 58442
17975091 58442
18000346 58442
18025267 58442
18050815 58442
18075587 58442
18101242 58442
18127147 58442
18151163 58442
18176874 58442
18202681 58442
18227903 58442
18253851 58442
18279191 58442
18305563 58442
18330283 58442
18355604 58442
18381127 58442
18406233 58442
18431584 58442
18457790 58442
18483211 58442
18508882 58442
18534927 58442
18560098 58442
18585476 58442
18611510 58442
18637835 58442
18663766 58442
18688547 58442
18714403 58442
18739835 58442
18766787 58442
18792805 58442
18818543 58442
18843954 58442
18870194 58442
18895427 58442
18920663 58442
18946123 58442
18971494 58442
18997698 58442
19022023 58442
19046685 58442
19071032 58442
19096701 58442
19123185 58442
19148670 58442
19173711 58442
19198330 58442
19224003 58442
19249222 58442
19274834 58442
19299317 58442
19324955 58442
19350499 58442
19375845 58442
19401158 58442
19425874 58442
19450755 58442
19474431 58442
19499507 58442
19523820 58442
19548689 58442
19573771 58442
19598555 58442
19623223 58442
19648883 58442
19673855 58442
19698782 58442
19723946 58442
19748570 58442
19773852 58442
19800212 58442
19828851 58442
19854183 58442
19878895 58442
19905218 58442
19930971 58442
19957188 58442
19982253 58442
20008546 58442
20033180 58442
20058406 58442
20084438 58442
20109863 58442
20134327 58442
20159858 58442
20185505 58442
20210263 58442
20234898 58442
20260562 58442
20285929 58442
20311499 58442
20337006 58442
20362551 58442
20389139 58442
20413587 58442
20437367 58442
20461714 58442
20488210 58442
20513935 58442
20539151 58442
20565182 58442
20590081 58442
20615618 58442
20640435 58442
20665163 58442
20690150 58442
20716403 58442
20740333 58442
20765183 58442
20789290 58442
20815123 58442
20841038 58442
20866262 58442
20891871 58442
20916202 58442
20940523 58442
20966990 58442
20993331 58442
21021207 58442
21046260 58442
21071415 58442
21096447 58442
21122014 58442
21146681 58442
21173062 58442
21200507 58442
21226438 58442
21252331 58442
21277941 58442
21302047 58442
21327471 58442
21352786 58442
21378835 58442
21403923 58442
21429415 58442
21454070 58442
21478379 58442
21503150 58442
21528106 58442
21552330 58442
21578179 58442
21603131 58442
21628427 58442
21654158 58442
21679206 58442
21703574 58442
21729303 58442
21753807 58442
21778063 58442
21802907 58442
21826962 58442
21852147 58442
21876829 58442
21901870 58442
21926553 58442
21951830 58442
21976746 58442
22001342 58442
22026086 58393
22051491 58356
22076735 58290
22101919 58133
22126702 58133
22153055 58133
22177204 58133
22202503 58133
22227979 58133
22253027 58133
22277510 58133
22301107 57970
22326099 57970
22350891 57970
22375622 57970
22401618 57970
22425954 57970
22451731 57970
22475883 57970
22500242 57970
22525394 57853
22550059 57667
22575355 57542
22599875 57542
22623299 57542
22647769 57542
22673822 57542
22699495 57542
22725255 57542
22749779 57542
22775010 57542
22799745 57542
22824382 57542
22848851 57542
22873950 57542
22899016 57542
22924126 57542
22949536 57542
22974731 57542
23000051 57542
23023918 57542
23047391 57541
23071103 57541
23096262 57541
23121511 57541
23146302 57541
23171431 57541
23196638 57541
23221659 57541
23246368 57541
23270159 57541
23295776 57541
23321506 57541
23346067 57541
23371270 57541
23396162 57541
23419913 57541
23445631 57541
23470603 57541
23495783 57541
23521083 57541
23545169 57541
23570313 57541
23594879 57541
23620462 57541
23646259 57541
23673037 57541
23698055 57541
23723823 57541
23749046 57541
23774163 57541
23798831 57541
23823337 57541
23847974 57541
23873079 57541
23898694 57541
23923511 57541
23948305 57541
23973503 57541
23998958 57541
24022955 57541
24048775 57541
24073262 57541
24097567 57541
24123050 57541
24148159 57541
24173299 57541
24199119 57541
24223727 57541
24248510 57541
24273922 57541
24299310 57541
24323739 57541
24349114 57541
24373529 57541
24400283 57541
24426095 57541
24452744 57541
24477531 57541
24504219 57541
24529947 57541
24556147 57541
24581973 57541
24607379 57541
24633426 57541
24658202 57541
24682286 57541
24707649 57541
24732843 57541
24757687 57541
24783027 57541
24807377 57541
24832435 57541
24857486 57541
24883159 57541
24908103 57541
24933045 57541
24959463 57541
24985867 57541
25010735 57541
25036602 57541
25062193 57541
25086838 57541
25112865 57541
25137043 57541
25161970 57541
25186339 57541
25212443 57541
25237701 57541
25263297 57541
25289044 57541
25315610 57541
25342299 57541
25365202 57541
25390775 57541
25415222 57541
25439215 57541
25465663 57541
25492143 57541
25517238 57541
25542759 57541
25568035 57541
25593953 57541
25618158 57541
25644343 57541
25669711 57541
25694403 57541
25719043 57541
25744465 57541
25768211 57541
25792547 57541
25817995 57541
25844258 57541
25869653 57541
25895270 57541
25919866 57541
25945295 57541
25970779 57541
25997531 57541
26024381 57541
26051607 57541
26077082 57541
26101867 57541
26127884 57541
26153433 57541
26179034 57541
26203439 57541
26228835 57541
26255086 57541
26281065 57541
26307582 57541
26332653 57541
26358387 57541
26383987 57541
26409570 57541
26434247 57541
26460690 57541
26485973 57541
26512803 57541
26539859 57541
26563469 57541
26588870 57541
26614379 57541
26639879 57541
26664630 57541
26690465 57541
26714811 57541
26739313 57541
26763943 57541
26790331 57541
26814763 57541
26839422 57541
26864361 57541
26889587 57541
26914278 57541
26937874 57541
26960635 57541
26985013 57541
27009785 57541
27033810 57541
27058194 57541
27082803 57541
27108135 57541
27133231 57541
27158767 57541
27182851 57541
27208199 57541
27232151 57541
27257378 57541
27281799 57541
27305655 57541
27330550 57330
27355407 57274
27380003 57167
27405686 57165
27430863 57150
27455198 57150
27479731 57150
27505327 57150
27529629 57150
27552933 57150
27577720 57150
27601739 57135
27626732 56920
27652093 56920
27676535 56920
27700007 56920
27724590 56920
27749015 56852
27773846 56852
27798554 56852
27822793 56852
27846053 56852
27870745 56852
27895461 56852
27920311 56852
27943458 56852
27966767 56852
27990859 56852
28015251 56852
28040185 56852
28064967 56852
28090870 56852
28114821 56852
28138707 56852
28162758 56852
28187716 56852
28213187 56852
28238895 56852
28264500 56852
28291057 56852
28316781 56852
28342041 56852
28367106 56852
28391906 56852
28418171 56852
28443114 56852
28467759 56852
28493131 56852
28516976 56852
28541414 56852
28565735 56852
28590851 56852
28614931 56852
28638775 56852
28662615 56852
28687267 56852
28712103 56852
28735950 56852
28760015 56852
28784530 56852
28806931 56852
28831546 56852
28855715 56852
28880403 56852
28904611 56852
28927835 56852
28953030 56852
28979163 56852
29004322 56852
29029457 56852
29052918 56852
29078362 56852
29103458 56852
29127934 56852
29152779 56852
29178091 56852
29202679 56852
29226900 56852
29251643 56852
29276819 56852
29300457 56852
29325154 56852
29349871 56852
29375126 56852
29400695 56852
29425558 56852
29450806 56852
29476071 56852
29501770 56852
29526050 56852
29552078 56852
29578139 56852
29602178 56852
29626271 56852
29650316 56852
29674071 56852
29699180 56852
29723527 56852
29748984 56852
29774371 56852
29799617 56852
29823607 56852
29848695 56852
29874134 56852
29898599 56852
29924919 56852
29950795 56852
29975249 56852
30001111 56852
30025472 56852
30049527 56852
30073586 56852
30097499 56852
30122561 56852
30146567 56852
30171654 56852
30196635 56852
30221350 56852
30246995 56852
30271701 56852
30297057 56852
30321258 56852
30345723 56852
30369898 56852
30396314 56852
30420815 56852
30446661 56852
30471345 56852
30496063 56852
30520090 56852
30544674 56852
30570419 56852
30595567 56852
30619371 56852
30644642 56852
30669289 56852
30694342 56852
30719099 56852
30743482 56852
30766491 56852
30791655 56852
30816226 56852
30839798 56852
30865459 56852
30889335 56852
30914542 56852
30939126 56852
30964146 56852
30989195 56852
31014027 56852
31039539 56852
31064614 56852
31090223 56852
31114567 56852
31138427 56852
31161419 56852
31185736 56852
31208499 56852
31233942 56852
31260127 56852
31280183 56852
31304203 56852
31329970 56852
31354615 56852
31379383 56852
31404814 56852
31429315 56852
31454385 56852
31478194 56852
31502899 56852
31527959 56852
31553622 56852
31578460 56852
31603295 56852
31627723 56852
31651854 56852
31678023 56852
31702770 56852
31728231 56852
31751171 56852
31776087 56852
31800946 56852
31825995 56852
31849870 56852
31873459 56852
31898639 56852
31924175 56852
31948883 56852
31973426 56852
31998043 56852
32022982 56852
32047575 56852
32072147 56852
32096739 56852
32121447 56852
32145942 56852
32171677 56852
32195959 56852
32222255 56852
32247635 56852
32273859 56852
32299566 56852
32326283 56852
32351527 56852
32378090 56852
32402785 56852
32427946 56852
32453915 56852
32479755 56852
32505839 56852
32530742 56852
32556587 56852
32580870 56852
32605625 56852
32630358 56852
32656029 56852
32681063 56852
32706299 56852
32730826 56852
32755883 56852
32781639 56852
32806755 56852
32831861 56852
32856727 56852
32880643 56852
32906071 56852
32931527 56852
32955519 56852
32980103 56852
33005065 56852
33030230 56852
33055906 56852
33081399 56852
33106895 56852
33132567 56852
33156519 56852
33181178 56852
33206371 56852
33231514 56852
33257030 56852
33281555 56852
33305850 56852
33331667 56852
33357333 56852
33383146 56852
33408427 56852
33433894 56852
33461121 56852
33485939 56852
33512907 56852
33538671 56852
33564934 56852
33591314 56852
33616514 56852
33640771 56852
33665131 56852
33689423 56852
33715138 56852
33740314 56852
33764292 56852
33789158 56852
33814206 56852
33840119 56852
33865309 56852
33889942 56852
33913862 56852
33938098 56852
33963379 56852
33988134 56852
34013399 56852
34038650 56852
34062987 56852
34087927 56852
34113688 56852
34137858 56852
34163443 56852
34187643 56852
34210959 56852
34236279 56852
34261246 56852
34285707 56852
34310690 56852
34335856 56852
34361137 56847
34385467 56847
34409903 56847
34435035 56847
34459482 56847
34484578 56847
34510205 56847
34535499 56847
34560813 56847
34584879 56847
34610843 56847
34636515 56847
34662151 56847
34687943 56847
34712073 56847
34735834 56847
34758845 56847
34783463 56847
34808646 56847
34834071 56847
34858539 56839
34882779 56839
34906406 56839
34931259 56839
34955642 56839
34979987 56839
35006102 56839
35031095 56839
35056532 56839
35081422 56839
35105309 56839
35130482 56839
35155279 56839
35179570 56839
35205959 56839
35230617 56839
35256293 56839
35280477 56839
35305921 56839
35329746 56839
35354882 56839
35379699 56839
35405063 56839
35429492 56839
35454431 56839
35479141 56839
35503705 56839
35528097 56839
35552114 56839
35571731 56839
35595599 56839
35622259 56839
35646587 56839
35672137 56839
35697963 56839
35722807 56839
35747709 56839
35771817 56839
35797590 56839
35822498 56839
35843988 56839
35857494 56839
35871175 56839
35884593 56839
35897995 56839
35911387 56839
35924533 56839
35937978 56839
35951807 56839
35965258 56839
35978569 56839
35992194 56839
36005932 56839
36019745 56811
36033052 56811
36046607 56811
36059851 56811
36072938 56811
36086370 56811
36100378 56811
36113728 56811
36126774 56811
36140031 56811
36152797 56811
36165485 56811
36178899 56811
36191471 56615
36205434 56546
36218762 56546
36232183 56546
36245877 56546
36259552 56436
36273233 56436
36286765 56436
36300018 56436
36313387 56436
36327069 56436
36339931 56436
36353181 56436
36366542 56436
36380015 56436
36393581 56436
36406834 56436
36420114 56436
36433352 56436
36446904 56436
36460371 56436
36473493 56436
36487322 56436
36501282 56436
36514394 56436
36528223 56436
36542197 56436
36555195 56436
36568818 56436
36582230 56436
36597961 56436
36611647 56436
36625696 56436
36639466 56436
36652466 56436
36665663 56436
36679048 56436
36692655 56436
36706190 56436
36719981 56436
36733474 56436
36746920 56436
36760145 56436
36773430 56436
36787196 56436
36800475 56436
36813948 56436
36827783 56436
36841491 56436
36855087 56436
36868443 56436
36881848 56436
36894629 56436
36907389 56436
36921191 56436
36934877 56436
36948657 56436
36961950 56436
36975204 56436
36988230 56436
37001382 56436
37015095 56436
37028400 56436
37042243 56436
37055090 56436
37067831 56436
37080982 56436
37093549 56436
37106837 56436
37120898 56436
37134497 56436
37148567 56436
37162346 56436
37176211 56436
37189572 56436
37203057 56436
37216318 56436
37229720 56436
37242850 56436
37256104 56436
37269701 56436
37283110 56436
37296236 56436
37309665 56436
37322628 56436
37336255 56436
37350182 56436
37364224 56436
37377967 56436
37391407 56436
37405239 56436
37418149 56436
37431723 56436
37445263 56436
37458676 56436
37471991 56436
37485433 56436
37499221 56436
37513089 56436
37526589 56436
37540673 56436
37554516 56436
37568387 56436
37582133 56436
37596000 56436
37609516 56436
37623222 56436
37636964 56436
37650294 56436
37664055 56436
37677380 56436
37690982 56436
37704279 56436
37717631 56436
37731544 56436
37744587 56436
37757942 56436
37771678 56436
37786114 56436
37800340 56436
37813968 56436
37828041 56436
37843580 56436
37857186 56436
37871036 56436
37884965 56436
37898547 56436
37911921 56436
37925729 56436
37940193 56436
37953765 56436
37967342 56436
37980779 56436
37994055 56436
38007700 56436
38021277 56436
38035463 56436
38048301 56436
38061382 56436
38074458 56436
38087640 56436
38101247 56436
38114914 56436
38128371 56436
38141563 56436
38154517 56436
38167943 56436
38181327 56436
38194538 56436
38207811 56436
38221754 56436
38235043 56436
38248463 56436
38261167 56436
38274893 56436
38287940 56436
38301423 56436
38314609 56436
38328271 56436
38341418 56436
38354068 56436
38367114 56436
38380131 56436
38393948 56436
38407086 56436
38420745 56436
38434230 56436
38447668 56436
38460659 56436
38473548 56436
38487195 56436
38501088 56436
38515183 56436
38528990 56436
38543238 56436
38557310 56436
38570672 56436
38584409 56436
38597913 56436
38611265 56436
38624410 56436
38637904 56436
38651284 56436
38664560 56436
38678112 56436
38691552 56436
38705278 56436
38718654 56436
38732051 56436
38744795 56436
38758379 56436
38771827 56436
38784824 56436
38798213 56436
38811749 56436
38825185 56436
38839151 56436
38852787 56436
38865821 56436
38878618 56436
38891969 56436
38905146 56436
38918678 56436
38931550 56436
38944889 56436
38958447 56436
38971893 56436
38985043 56436
38997991 56436
39011688 56436
39024967 56436
39038270 56436
39051966 56436
39065266 56436
39078620 56436
39091766 56436
39105182 56436
39118739 56436
39132040 56436
39145204 56436
39158962 56436
39172207 56436
39185963 56436
39199775 56436
39213694 56436
39226645 56436
39240317 56436
39253644 56436
39266915 56436
39280381 56436
39294013 56436
39307394 56436
39321253 56436
39334971 56436
39348556 56436
39362419 56436
39376014 56436
39389353 56436
39402355 56436
39416153 56436
39429866 56436
39443711 56436
39457428 56436
39471479 56436
39485628 56436
39499331 56436
39512713 56436
39526544 56436
39540735 56436
39554173 56436
39568143 56436
39582138 56436
39596055 56436
39609120 56436
39622514 56436
39636071 56436
39649948 56436
39663135 56436
39676729 56436
39689984 56436
39702745 56436
39715802 56436
39728905 56436
39741888 56436
39755463 56436
39769202 56436
39782118 56436
39795354 56436
39807831 56436
39820678 56436
39834059 56436
39846623 56436
39859872 56436
39872613 56436
39885589 56436
39898574 56436
39911639 56436
39924122 56424
39938012 56424
39951195 56424
39964527 56424
39977884 56424
39990566 56424
40003834 56424
40017284 56424
40029058 56424
40039740 56424
40051538 56424
40064066 56424
40074910 56424
40085592 56424
40097207 56424
40107875 56424
40120497 56424
40132746 56424
40144352 56424
40157447 56424
40168850 56424
40179806 56424
40192856 56424
40204919 56424
40215864 56424
40226636 56424
40237968 56424
40248876 56424
40259734 56424
40271812 56424
40284348 56424
40295217 56424
40307960 56424
40319287 56424
40332639 56424
40346151 56424
40357202 56424
40370673 56424
40382524 56424
40394881 56424
40407819 56424
40419480 56424
40432314 56424
40445306 56424
40458586 56424
40471188 56424
40484444 56424
40497120 56424
40509773 56424
40521155 56424
40532201 56424
40544357 56424
40555949 56424
40567698 56424
40579848 56424
40591504 56424
40602398 56424
40613312 56424
40625175 56424
40637696 56424
40648808 56424
40662183 56424
40674673 56424
40687486 56424
40699706 56424
40712482 56424
40724805 56424
40736666 56424
40747559 56424
40761081 56424
40774168 56424
40787570 56424
40800820 56424
40813471 56424
40824469 56424
40835438 56424
40846900 56424
40857705 56424
40870513 56424
40881825 56424
40894712 56424
40907568 56424
40918754 56424
40931747 56424
40944352 56424
40957229 56424
40967458 56424
40978425 56424
40988978 56424
41001645 56424
41012546 56424
41023000 56424
41035959 56424
41046339 56424
41059755 56424
41070819 56424
41081290 56424
41092504 56424
41104912 56424
41117035 56424
41127676 56424
41138570 56424
41150091 56424
41160902 56424
41173028 56424
41183883 56424
41197041 56424
41210702 56424
41223853 56424
41236948 56424
41249776 56424
41261213 56424
41272214 56424
41283315 56424
41294938 56424
41308055 56424
41320441 56424
41331221 56424
41343072 56424
41355943 56424
41367748 56424
41379468 56424
41390063 56424
41401207 56424
41411973 56424
41423360 56424
41434511 56424
41447117 56424
41458785 56424
41469634 56424
41481689 56424
41493005 56424
41504103 56424
41514964 56424
41527565 56424
41538331 56424
41548885 56424
41559947 56424
41570825 56424
41582367 56424
41593895 56424
41604506 56424
41617928 56424
41630111 56424
41643201 56424
41656246 56424
41667196 56424
41678438 56424
41689156 56424
41700037 56424
41710759 56424
41721609 56424
41734592 56424
41748091 56424
41758976 56424
41771864 56424
41782008 56424
41793048 56424
41806309 56424
41819018 56424
41829720 56424
41842354 56424
41853053 56424
41866473 56424
41878380 56424
41890886 56424
41901699 56424
41913132 56424
41923752 56424
41935848 56424
41946925 56424
41958824 56424
41970980 56424
41983964 56424
41997347 56424
42008537 56424
42021141 56424
42032941 56424
42045843 56424
42058938 56424
42071886 56424
42084412 56424
42097367 56424
42109171 56424
42120100 56424
42131754 56424
42142923 56424
42153714 56424
42166693 56424
42177738 56424
42188648 56424
42201510 56424
42213902 56424
42225951 56424
42236886 56424
42250732 56424
42263478 56424
42276302 56424
42287512 56424
42300226 56424
42313294 56424
42323895 56424
42335248 56424
42348257 56424
42360475 56424
42373916 56424
42386908 56424
42398852 56424
42411411 56424
42424330 56424
42437519 56424
42448500 56424
42460695 56424
42473734 56424
42486697 56424
42499896 56424
42513070 56424
42524009 56424
42534824 56424
42548095 56424
42559339 56424
42570202 56424
42581907 56424
42595009 56424
42608735 56424
42622724 56424
42635302 56424
42649150 56424
42661214 56424
42674314 56424
42685300 56424
42698556 56424
42710679 56424
42723536 56424
42736939 56424
42750661 56424
42763527 56424
42776266 56424
42787130 56424
42797822 56424
42809130 56424
42822619 56424
42835107 56424
42846258 56424
42857022 56424
42868789 56424
42879910 56424
42890149 56424
42902384 56424
42914837 56424
42926574 56424
42940485 56424
42953646 56424
42966511 56424
42977493 56424
42989907 56424
43001825 56424
43014069 56424
43026779 56424
43038518 56424
43051772 56424
43062710 56424
43075493 56424
43087394 56424
43098319 56424
43111002 56424
43123169 56424
43133989 56424
43145363 56424
43158341 56424
43169554 56424
43180685 56424
43192917 56424
43203985 56424
43216890 56424
43227807 56424
43240289 56424
43250769 56424
43263372 56424
43273977 56424
43286388 56424
43299199 56424
43309877 56424
43322630 56424
43335572 56424
43346719 56424
43358683 56424
43369477 56424
43380321 56424
43390840 56424
43403385 56424
43416358 56424
43427150 56424
43439717 56424
43451646 56424
43462685 56424
43474835 56424
43485448 56424
43497618 56424
43509096 56424
43520405 56424
43532737 56424
43543658 56424
43554740 56424
43566022 56424
43577407 56424
43588357 56424
43599466 56424
43611537 56424
43622872 56424
43636485 56424
43647529 56424
43660846 56424
43674049 56424
43687431 56424
43698337 56424
43711418 56424
43724474 56424
43738029 56424
43752059 56424
43764474 56424
43776457 56424
43789806 56424
43803110 56424
43814539 56424
43827551 56424
43838825 56424
43851712 56424
43865086 56424
43878096 56424
43890979 56424
43901903 56424
43912994 56424
43924094 56424
43937286 56424
43948041 56424
43958827 56424
43971887 56424
43985498 56424
43998883 56424
44011401 56424
44024129 56424
44036187 56424
44049293 56424
44059879 56424
44073306 56424
44086167 56424
44099037 56424
44112187 56424
44123218 56424
44135100 56424
44145723 56424
44157463 56424
44168720 56424
44180024 56424
44190723 56424
44201906 56424
44215503 56424
44225976 56424
44237196 56424
44249686 56424
44262852 56424
44273967 56424
44286745 56424
44299620 56424
44313088 56424
44323975 56424
44335490 56424
44348586 56424
44361834 56424
44375108 56424
44385967 56424
44396920 56424
44409726 56424
44420948 56424
44433302 56424
44444731 56424
44457247 56424
44470351 56424
44481335 56424
44492099 56424
44503140 56424
44516016 56424
44529248 56424
44540661 56424
44552442 56424
44565992 56424
44579632 56424
44590467 56424
44603136 56424
44616190 56424
44627279 56424
44639399 56424
44652768 56424
44665611 56424
44679498 56424
44693200 56424
44703886 56424
44717051 56424
44729316 56424
44740484 56424
44752675 56424
44764805 56424
44777142 56424
44788876 56424
44799732 56424
44810544 56424
44823157 56424
44835742 56424
44847137 56424
44859744 56424
44872842 56385
44885435 56385
44896206 56385
44908068 56385
44921144 56385
44934455 56385
44945596 56385
44956677 56385
44967878 56385
44980454 56385
44993537 56385
45006132 56385
45017281 56385
45029626 56385
45040698 56385
45051857 56385
45065289 56385
45076720 56385
45088720 56385
45101289 56385
45111814 56385
45123273 56385
45136137 56385
45146727 56385
45158970 56385
45169597 56385
45182458 56385
45193795 56385
45205060 56385
45217803 56385
45228639 56385
45241720 56385
45254692 56385
45265483 56385
45278023 56385
45291276 56385
45303907 56385
45314915 56385
45328104 56385
45339533 56385
45350390 56385
45363586 56385
45374652 56385
45385399 56385
45396660 56385
45407799 56385
45418594 56385
45430855 56385
45444021 56385
45456012 56385
45468377 56385
45479487 56385
45489919 56385
45501988 56385
45513223 56385
45523885 56385
45535253 56385
45547742 56385
45560995 56385
45572464 56385
45585826 56385
45596360 56385
45610072 56369
45620667 56369
45633762 56369
45646836 56369
45660610 56369
45673439 56369
45686204 56369
45699228 56369
45710261 56369
45720796 56369
45732703 56369
45743713 56369
45755317 56369
45768571 56369
45779019 56369
45791808 56369
45804008 56369
45816655 56369
45827589 56369
45839015 56369
45849552 56369
45860397 56369
45871174 56369
45883329 56369
45896333 56369
45909722 56369
45922043 56369
45933431 56369
45945183 56369
45957257 56369
45968522 56369
45979859 56369
45993680 56369
46004165 56369
46014938 56369
46026026 56369
46038433 56369
46049135 56369
46061089 56369
46073818 56369
46085625 56369
46095947 56369
46106693 56369
46119563 56369
46131973 56369
46142522 56369
46153546 56369
46166011 56369
46176539 56369
46187199 56369
46199254 56369
46210068 56369
46220963 56369
46232660 56369
46243656 56369
46254980 56369
46267689 56369
46278959 56369
46291341 56369
46304279 56369
46316047 56369
46326764 56369
46339280 56369
46351699 56369
46362315 56369
46373271 56369
46384106 56369
46396133 56369
46408631 56369
46419301 56369
46430250 56369
46440839 56369
46451780 56301
46462161 56301
46474178 56301
46485843 56301
46497168 56301
46509385 56301
46520234 56301
46532977 56301
46545722 56301
46556797 56301
46569440 56301
46580391 56301
46591549 56301
46604515 56301
46617559 56301
46630176 56301
46641599 56301
46654904 56301
46666327 56301
46679618 56301
46692412 56301
46703685 56301
46717135 56301
46731066 56301
46742339 56301
46753517 56301
46766496 56301
46780449 56301
46793710 56301
46807077 56301
46820474 56301
46831913 56301
46844931 56301
46858006 56301
46871890 56301
46885607 56301
46899061 56301
46910632 56301
46922407 56301
46933863 56301
46947460 56301
46958469 56301
46971934 56301
46984043 56301
46995087 56301
47007799 56301
47019680 56301
47031357 56301
47043938 56301
47057270 56301
47069967 56301
47083855 56301
47097067 56301
47109333 56301
47120386 56301
47131759 56301
47142516 56301
47155575 56301
47168224 56301
47179266 56301
47191971 56301
47205448 56301
47218589 56301
47231791 56301
47244899 56301
47257950 56301
47269739 56301
47281356 56301
47293261 56301
47305329 56301
47318775 56301
47329910 56301
47342539 56301
47355591 56301
47365777 56301
47377662 56301
47390773 56301
47403476 56301
47415501 56301
47426318 56301
47437122 56301
47448134 56301
47460377 56301
47473878 56301
47486971 56301
47499349 56301
47511818 56301
47523121 56301
47534598 56301
47547271 56301
47558623 56301
47569813 56301
47580591 56301
47593995 56301
47605022 56301
47618906 56301
47631882 56301
47642814 56301
47653502 56301
47665975 56301
47678405 56301
47691715 56301
47703053 56301
47716272 56301
47727458 56301
47740748 56301
47754152 56301
47765877 56301
47776690 56301
47789665 56301
47800825 56301
47812013 56301
47822759 56301
47835418 56301
47848235 56301
47859364 56301
47871340 56301
47882613 56301
47893865 56301
47904855 56301
47917245 56301
47930377 56301
47943319 56301
47956344 56301
47969022 56301
47981545 56301
47992370 56301
48003182 56301
48015257 56301
48026011 56301
48036206 56301
48048640 56301
48061121 56301
48072877 56301
48084985 56301
48095875 56301
48106943 56301
48117718 56301
48128629 56301
48141280 56301
48152666 56301
48165736 56301
48177862 56301
48191316 56301
48204305 56301
48217716 56301
48230296 56301
48241098 56301
48252009 56301
48264497 56301
48276745 56301
48287734 56301
48298475 56301
48309540 56301
48320516 56301
48330967 56301
48341222 56301
48354285 56301
48367621 56301
48380306 56301
48392986 56301
48406068 56301
48416700 56301
48429618 56301
48442862 56301
48453371 56301
48464775 56301
48476102 56301
48489804 56301
48502189 56301
48515161 56301
48526116 56301
48538354 56301
48549671 56301
48560445 56301
48571243 56301
48583446 56301
48595916 56301
48608582 56301
48621461 56301
48631819 56301
48642508 56301
48654976 56301
48665492 56301
48676505 56301
48687544 56301
48700159 56301
48712227 56301
48724944 56301
48736474 56301
48747881 56301
48760225 56301
48771158 56301
48783841 56301
48794734 56301
48807440 56301
48820120 56301
48832202 56301
48844776 56301
48858245 56301
48871259 56301
48884110 56301
48895092 56301
48905947 56301
48918926 56301
48931386 56301
48942388 56301
48954680 56301
48966216 56301
48978890 56301
48991712 56301
49004446 56301
49017202 56301
49030477 56301
49041887 56301
49054903 56301
49067923 56301
49079622 56301
49092932 56301
49105665 56301
49118084 56301
49131858 56301
49144976 56301
49157567 56301
49169393 56301
49182542 56301
49195728 56301
49208875 56301
49221165 56233
49232535 56233
49245667 56233
49256733 56233
49267559 56233
49279975 56233
49292420 56233
49304648 56233
49316990 56233
49329897 56233
49343557 56233
49354518 56233
49367487 56233
49380717 56233
49394003 56233
49405975 56233
49417753 56233
49428816 56233
49440931 56233
49451925 56233
49463362 56233
49476492 56233
49489388 56233
49500379 56233
49513172 56233
49524945 56233
49538921 56233
49552036 56233
49564746 56233
49575999 56233
49588692 56233
49600532 56233
49612906 56233
49624324 56233
49636359 56233
49649202 56233
49662507 56233
49675757 56233
49686579 56233
49699358 56233
49710681 56233
49721685 56233
49732862 56233
49744229 56233
49754995 56233
49768278 56233
49779560 56233
49792040 56233
49805395 56233
49818246 56233
49830471 56233
49842495 56233
49854951 56233
49866793 56233
49879855 56233
49891274 56233
49903448 56233
49913883 56233
49924689 56233
49937109 56233
49949278 56233
49959848 56233
49971209 56233
49984543 56233
49995679 56233
50006715 56233
50017250 56233
50027686 56233
50039029 56233
50049960 56233
50060931 56233
50072662 56233
50084724 56233
50096622 56233
50107289 56233
50117797 56233
50128923 56233
50141502 56233
50153786 56233
50164498 56233
50175787 56233
50188131 56233
50198901 56233
50209692 56233
50223214 56233
50235534 56233
50248045 56233
50261016 56233
50271831 56233
50282579 56233
50293378 56233
50304096 56233
50315272 56233
50327257 56233
50340555 56233
50353636 56233
50367074 56233
50378372 56233
50391013 56233
50402106 56233
50413313 56233
50425826 56233
50437025 56233
50448889 56233
50460437 56233
50473661 56233
50487387 56233
50500417 56233
50512432 56233
50523115 56233
50533819 56233
50546353 56233
50558770 56233
50572209 56233
50585998 56233
50598397 56233
50610277 56233
50623826 56233
50636582 56233
50650491 56233
50663816 56233
50675396 56233
50686946 56233
50699081 56233
50712726 56233
50725776 56233
50738486 56233
50751822 56233
50763749 56233
50776651 56233
50789501 56233
50800043 56233
50811250 56233
50823923 56233
50836441 56233
50848074 56233
50861696 56233
50872712 56233
50885992 56233
50897509 56233
50910683 56233
50923489 56233
50935901 56233
50946917 56233
50960168 56233
50971076 56233
50984065 56233
50994373 56233
51005049 56233
51018307 56233
51029621 56233
51041304 56233
51051887 56233
51062780 56233
51073569 56233
51086587 56233
51099840 56233
51110467 56233
51122062 56233
51133734 56233
51146936 56233
51158079 56233
51170189 56233
51181616 56233
51193580 56233
51204111 56233
51214843 56233
51227596 56233
51238232 56233
51250817 56233
51264103 56233
51276264 56233
51288931 56233
51300790 56233
51312155 56233
51322462 56233
51334670 56233
51347424 56233
51360389 56233
51371747 56233
51384585 56233
51398342 56233
51411703 56233
51424735 56233
51435663 56233
51448923 56233
51459716 56233
51470340 56233
51481184 56233
51493988 56233
51505745 56233
51518572 56233
51531303 56233
51542104 56233
51555076 56233
51568057 56233
51579582 56233
51591006 56233
51604087 56233
51617229 56233
51628386 56233
51641212 56233
51654789 56233
51668275 56233
51679446 56233
51693057 56233
51706187 56233
51717835 56233
51730900 56233
51743279 56233
51754983 56233
51767793 56233
51780454 56233
51792890 56233
51806571 56233
51818923 56233
51831567 56233
51842566 56233
51852848 56233
51864668 56233
51877302 56233
51888983 56233
51901849 56233
51912521 56233
51924319 56233
51937090 56233
51949376 56233
51960703 56233
51971890 56233
51982855 56233
51996085 56233
52008353 56233
52019135 56233
52032244 56233
52043788 56233
52056208 56233
52069153 56233
52082383 56233
52094612 56233
52105207 56233
52115866 56233
52127281 56233
52138131 56233
52149160 56233
52160048 56233
52171054 56233
52183798 56233
52195218 56233
52207424 56233
52220313 56233
52233421 56233
52245897 56233
52257395 56233
52269214 56233
52281864 56233
52295208 56233
52306323 56233
52317264 56233
52328001 56233
52340879 56233
52353484 56233
52366755 56233
52379974 56233
52393075 56233
52406684 56233
52419666 56233
52431784 56233
52445419 56233
52457035 56233
52468642 56233
52480330 56233
52493736 56233
52505055 56233
52517042 56233
52530394 56233
52543711 56233
52556108 56233
52569049 56233
52581358 56233
52592671 56233
52605712 56233
52619325 56233
52632101 56233
52643540 56233
52656509 56233
52668429 56233
52680498 56233
52694083 56233
52707253 56233
52719895 56233
52733087 56233
52745969 56233
52757864 56233
52771191 56233
52783561 56233
52796098 56233
52806562 56233
52818900 56233
52831782 56233
52844835 56233
52855945 56233
52868534 56233
52881446 56233
52893875 56233
52906209 56233
52917831 56233
52930976 56233
52943418 56233
52954353 56233
52967125 56233
52980585 56233
52992091 56233
53002759 56233
53013979 56233
53025007 56233
53036822 56233
53048599 56233
53059671 56233
53070491 56233
53083505 56233
53094811 56233
53107011 56233
53118089 56233
53131248 56233
53143717 56233
53155995 56233
53167525 56233
53178418 56233
53190943 56233
53202609 56233
53214156 56233
53224918 56233
53235492 56233
53247392 56233
53261004 56233
53273440 56233
53286431 56233
53299215 56233
53310323 56233
53321237 56233
53333574 56233
53346894 56233
53357745 56233
53369645 56233
53380689 56233
53392545 56233
53405707 56233
53418935 56233
53430950 56233
53443456 56233
53454587 56233
53465384 56233
53476452 56233
53489752 56233
53503013 56233
53513515 56233
53524083 56233
53536898 56233
53549214 56233
53562191 56233
53574232 56233
53585703 56233
53599211 56233
53612287 56233
53624326 56233
53634795 56233
53645442 56233
53656970 56233
53667684 56233
53679793 56233
53690402 56233
53702843 56233
53715468 56233
53726449 56233
53738983 56233
53749596 56233
53760132 56233
53771204 56233
53783750 56233
53796025 56233
53808056 56233
53821436 56233
53834563 56233
53848100 56233
53859023 56233
53870066 56233
53881324 56233
53891526 56233
53902868 56233
53914485 56233
53925779 56233
53937391 56233
53948705 56233
53960030 56233
53973325 56233
53986465 56233
53999177 56233
54012234 56233
54025309 56233
54038518 56233
54051417 56233
54062666 56233
54074144 56233
54085503 56233
54097528 56233
54109834 56233
54122667 56233
54133528 56233
54145405 56233
54156078 56233
54168303 56233
54180896 56233
54191649 56233
54202107 56233
54212782 56233
54224387 56233
54235941 56233
54247074 56233
54259541 56233
54272183 56233
54284119 56233
54294909 56233
54307995 56233
54320654 56233
54331508 56233
54345041 56233
54356806 56233
54370156 56233
54380685 56233
54391085 56233
54401766 56233
54412728 56233
54423624 56233
54434253 56233
54445699 56233
54457546 56233
54470725 56233
54482822 56233
54493918 56233
54505162 56233
54516080 56233
54528453 56233
54541200 56233
54553925 56233
54566530 56233
54577313 56233
54588435 56233
54599822 56233
54612893 56233
54623623 56233
54635717 56233
54648741 56233
54660874 56233
54673837 56233
54684186 56233
54697221 56233
54709958 56233
54724137 56233
54737465 56233
54750493 56233
54763652 56233
54775321 56233
54787265 56233
54797839 56233
54810191 56233
54822725 56233
54834496 56233
54847698 56233
54860000 56233
54872743 56233
54885778 56233
54899059 56233
54910229 56233
54922193 56233
54933982 56233
54945006 56233
54955766 56233
54966474 56233
54978924 56233
54989617 56233
55000238 56233
55011853 56233
55024889 56233
55037515 56233
55048348 56233
55061969 56233
55074462 56233
55087288 56233
55098941 56233
55111973 56233
55124638 56233
55137974 56233
55150302 56233
55163306 56233
55176604 56233
55187678 56233
55198857 56233
55212074 56233
55222825 56233
55233317 56233
55244098 56233
55256708 56233
55269892 56233
55280654 56233
55292841 56233
55306248 56233
55319429 56233
55330311 56233
55341120 56233
55352145 56233
55365032 56233
55376108 56233
55387530 56233
55400230 56233
55412631 56233
55425803 56233
55438713 56233
55451181 56233
55461956 56233
55474668 56233
55485081 56233
55496956 56233
55507459 56233
55519286 56233
55531651 56233
55544340 56233
55554916 56233
55568559 56233
55580813 56233
55593719 56233
55604394 56233
55615507 56233
55628079 56233
55639456 56233
55652215 56233
55663324 56233
55674291 56233
55685212 56233
55695884 56233
55707089 56233
55717556 56233
55729471 56222
55741365 56222
55752206 56222
55763337 56222
55775130 56222
55789001 56222
55802380 56222
55815470 56222
55826795 56222
55838735 56222
55850456 56222
55861475 56222
55872509 56222
55885163 56222
55895807 56222
55908099 56222
55919062 56222
55929727 56222
55942236 56222
55953187 56222
55966483 56222
55977374 56222
55988142 56222
56001310 56222
56014781 56222
56025713 56222
56035952 56222
56047493 56222
56060550 56222
56073095 56222
56086889 56222
56098516 56222
56108951 56222
56121746 56222
56134835 56222
56148000 56222
56161733 56222
56173122 56222
56186293 56222
56197180 56222
56209675 56222
56222192 56222
56234464 56222
56246192 56222
56257022 56222
56267720 56222
56279237 56222
56290429 56222
56303579 56222
56315797 56222
56327828 56222
56341119 56222
56353747 56222
56366550 56222
56377587 56222
56391205 56222
56402538 56222
56415297 56222
56426628 56222
56437519 56222
56450201 56222
56461530 56222
56472581 56222
56483197 56222
56493911 56222
56504597 56222
56517109 56222
56527969 56222
56538836 56222
56549445 56222
56562345 56222
56575935 56222
56587648 56222
56599678 56222
56611050 56222
56623941 56222
56635368 56222
56648682 56222
56661238 56222
56673257 56222
56685576 56222
56698302 56222
56710766 56222
56723513 56222
56734193 56222
56744301 56222
56758095 56222
56770169 56222
56781038 56222
56792767 56222
56803536 56222
56814413 56222
56827074 56222
56840873 56222
56853582 56222
56866769 56222
56878816 56222
56891619 56222
56905413 56222
56918580 56222
56930669 56222
56941434 56222
56952529 56222
56965927 56222
56978458 56222
56989483 56222
57000193 56222
57012941 56222
57025108 56222
57038070 56222
57051042 56222
57063722 56222
57074441 56222
57085267 56222
57097890 56222
57108525 56222
57121809 56222
57132698 56222
57143087 56222
57155532 56222
57166436 56222
57179113 56222
57192433 56222
57205746 56222
57218350 56222
57231021 56222
57243605 56222
57256938 56222
57269429 56222
57280307 56222
57291296 56222
57302204 56222
57314759 56222
57327687 56222
57338989 56222
57350186 56222
57362402 56222
57372811 56222
57385003 56222
57398056 56222
57411537 56222
57422748 56222
57434752 56222
57448213 56222
57459352 56222
57470908 56222
57483711 56222
57497161 56222
57508346 56222
57518836 56222
57531987 56222
57543970 56222
57556800 56222
57569696 56222
57580661 56222
57593269 56222
57603911 56222
57614948 56222
57627870 56222
57640678 56222
57651790 56222
57664098 56222
57677069 56222
57689719 56222
57701390 56222
57714188 56222
57726077 56222
57739313 56222
57750523 56222
57760968 56222
57773765 56222
57787503 56222
57801031 56222
57814192 56222
57827568 56222
57840359 56222
57851319 56222
57864472 56222
57875243 56222
57886701 56222
57898617 56222
57909901 56222
57922454 56222
57935498 56222
57948365 56222
57961382 56222
57974016 56222
57985093 56222
57997710 56222
58009320 56222
58020158 56222
58030699 56222
58042844 56222
58054225 56222
58066010 56222
58078217 56222
58091272 56222
58104358 56222
58117327 56222
58128751 56222
58139466 56222
58152085 56222
58163134 56222
58173635 56222
58185491 56222
58197079 56222
58208186 56222
58221069 56222
58232250 56222
58244589 56222
58255409 56222
58266676 56222
58279294 56222
58290112 56222
58302731 56222
58315729 56222
58328275 56222
58341302 56222
58354752 56222
58367091 56222
58380729 56222
58391573 56222
58403428 56222
58414501 56222
58427356 56222
58440808 56222
58453797 56222
58465119 56222
58476078 56222
58487737 56222
58499859 56222
58510791 56222
58523680 56222
58537060 56222
58547804 56222
58559617 56222
58570588 56222
58581333 56222
58592429 56222
58603579 56222
58614846 56222
58626130 56222
58638692 56222
58650115 56222
58663768 56222
58675117 56222
58685861 56222
58698853 56222
58710082 56222
58722873 56222
58735706 56222
58747970 56222
58760661 56222
58773752 56222
58786218 56222
58799080 56222
58810377 56222
58821184 56222
58832137 56222
58844742 56222
58856231 56222
58867109 56222
58878783 56222
58891654 56222
58904982 56222
58917769 56222
58927962 56222
58938853 56222
58949625 56222
58960367 56222
58971573 56222
58982232 56222
58992504 56222
59004610 56222
59015342 56222
59026703 56222
59039977 56222
59052696 56222
59063517 56222
59073919 56222
59086908 56222
59098455 56222
59110216 56222
59121069 56222
59132446 56222
59143579 56222
59154858 56222
59165913 56222
59178991 56222
59190457 56222
59202421 56222
59213190 56222
59223875 56222
59235038 56222
59246120 56222
59257108 56222
59268485 56222
59280179 56222
59293190 56222
59305295 56222
59318994 56222
59331734 56222
59344692 56222
59355891 56222
59368888 56222
59380137 56222
59391696 56222
59402879 56222
59413884 56222
59424888 56222
59435997 56222
59447073 56222
59459622 56222
59472366 56222
59484045 56222
59496667 56222
59509946 56222
59523274 56222
59535861 56222
59549111 56222
59561646 56222
59573136 56222
59586218 56222
59599143 56222
59611559 56222
59624102 56222
59636782 56222
59649979 56222
59662442 56222
59675422 56222
59687725 56222
59700806 56222
59712673 56222
59724601 56222
59737794 56222
59750979 56222
59764238 56222
59775255 56222
59788274 56222
59801678 56222
59814989 56222
59828167 56222
59841389 56222
59853930 56222
59865393 56222
59878330 56222
59889720 56222
59903161 56222
59914409 56222
59925333 56222
59936280 56222
59947303 56222
59959634 56222
59972499 56222
59985219 56222
59998070 56222
60011204 56222
60024496 56222
60037183 56222
60048740 56222
60061875 56222
60074620 56222
60085738 56222
60098470 56222
60110498 56222
60122199 56222
60135674 56222
60146523 56222
60157410 56222
60170442 56222
60183532 56222
60196418 56222
60209468 56222
60222858 56222
60233638 56222
60247153 56222
60258089 56222
60270625 56222
60283756 56222
60296506 56222
60309441 56222
60323044 56222
60335750 56222
60346975 56222
60359296 56222
60373035 56222
60383865 56222
60394869 56222
60408401 56222
60419832 56222
60431610 56222
60444671 56222
60455759 56222
60467410 56222
60480611 56222
60493036 56222
60505442 56222
60516381 56222
60528486 56222
60541372 56222
60553877 56222
60566760 56222
60580230 56222
60590939 56222
60601913 56222
60614357 56222
60625971 56222
60636609 56222
60647837 56222
60658096 56222
60670667 56222
60681130 56222
60693384 56222
60706019 56222
60717595 56222
60728604 56222
60741276 56222
60751904 56222
60765188 56222
60778022 56222
60790907 56222
60803343 56222
60816422 56222
60828907 56222
60841491 56222
60854642 56222
60865474 56222
60877696 56222
60888614 56222
60899853 56222
60911182 56222
60924028 56222
60937103 56222
60949884 56222
60962818 56222
60975209 56222
60988694 56222
61001417 56222
61014055 56222
61024929 56222
61035619 56222
61046018 56222
61058520 56222
61072298 56222
61084447 56222
61095051 56222
61106044 56222
61117666 56222
61130116 56222
61142764 56222
61153885 56222
61165574 56222
61176992 56222
61188808 56222
61201773 56222
61212702 56222
61225311 56222
61237041 56222
61247657 56222
61258411 56222
61271114 56222
61281873 56222
61294546 56222
61305046 56222
61315910 56222
61326354 56222
61336640 56222
61347772 56222
61359642 56222
61370427 56222
61383023 56222
61395716 56222
61406669 56222
61419221 56222
61429952 56222
61440781 56222
61451919 56222
61463049 56222
61473946 56222
61484832 56222
61495493 56222
61508425 56222
61518835 56222
61529870 56222
61542556 56222
61553679 56222
61566510 56222
61579436 56222
61592264 56222
61605321 56222
61618341 56222
61629464 56222
61639993 56222
61651638 56222
61664454 56222
61677002 56222
61689857 56222
61703195 56222
61714163 56222
61724794 56222
61737598 56222
61748795 56222
61759886 56222
61770963 56222
61784197 56222
61796633 56222
61807030 56222
61817847 56222
61830951 56222
61843442 56222
61856527 56222
61867161 56222
61878260 56222
61891069 56222
61902999 56222
61915906 56222
61926927 56222
61939666 56222
61952329 56222
61962856 56222
61975286 56222
61988400 56222
62001678 56222
62014086 56222
62024888 56222
62036007 56222
62047550 56222
62061269 56222
62074886 56222
62088199 56222
62099846 56222
62112851 56222
62125270 56222
62138445 56222
62152114 56222
62165358 56222
62178801 56222
62191750 56222
62205022 56222
62218046 56222
62230841 56222
62243167 56222
62254246 56222
62267475 56222
62278892 56222
62291944 56222
62302905 56222
62315290 56222
62328004 56222
62341049 56222
62354398 56222
62365828 56222
62377613 56222
62390506 56222
62402118 56222
62413316 56222
62424901 56222
62436424 56222
62447571 56222
62459963 56222
62471025 56222
62483760 56222
62497005 56222
62507834 56222
62520153 56222
62531412 56222
62544154 56222
62555443 56222
62566481 56222
62577263 56222
62589942 56222
62602292 56222
62615669 56222
62626962 56222
62639708 56222
62653128 56222
62666510 56222
62679386 56222
62692529 56222
62705973 56222
62717069 56222
62729263 56222
62742765 56222
62756366 56222
62766904 56222
62779478 56222
62791177 56222
62804970 56222
62817733 56222
62828743 56222
62841954 56222
62855009 56222
62867709 56222
62880117 56222
62891983 56222
62902464 56222
62913356 56222
62924109 56222
62937739 56222
62948712 56222
62959368 56222
62971684 56222
62984095 56222
62995978 56222
63009400 56222
63022043 56222
63033303 56222
63044230 56222
63057444 56222
63070298 56222
63083016 56222
63095949 56222
63108118 56222
63121065 56222
63134161 56222
63145921 56222
63158766 56222
63169808 56222
63183495 56222
63197051 56222
63210132 56222
63223344 56222
63233890 56222
63245576 56222
63258197 56222
63270508 56222
63283170 56222
63293503 56222
63307010 56222
63319888 56222
63333361 56222
63344722 56222
63356104 56222
63368092 56222
63380496 56222
63391210 56222
63402053 56222
63414807 56222
63427682 56222
63438483 56222
63449520 56222
63460341 56222
63474031 56222
63485278 56222
63498157 56222
63508833 56222
63521417 56222
63534263 56222
63547683 56222
63560874 56222
63573789 56222
63586351 56222
63598812 56222
63611868 56222
63623251 56222
63634902 56222
63646604 56222
63659807 56222
63673112 56222
63686509 56222
63697720 56222
63710169 56222
63723395 56222
63736051 56222
63749263 56222
63761279 56222
63775160 56222
63785941 56222
63799111 56222
63812600 56222
63825282 56222
63836880 56222
63848012 56222
63860942 56222
63873650 56222
63886642 56222
63897186 56222
63909838 56222
63921098 56222
63934342 56222
63945112 56222
63957619 56222
63968389 56222
63979013 56222
63990031 56222
64001244 56222
64011917 56222
64022941 56222
64035326 56222
64047159 56222
64057889 56222
64070331 56222
64081083 56222
64092036 56222
64103262 56222
64113795 56222
64125759 56222
64138500 56222
64152157 56222
64163679 56222
64176131 56222
64188972 56222
64201899 56222
64214014 56222
64226931 56222
64238076 56222
64250691 56222
64262622 56222
64275857 56222
64286373 56222
64299566 56222
64311162 56222
64321420 56222
64334273 56222
64345137 56222
64357509 56222
64368594 56222
64379344 56222
64392480 56222
64404196 56222
64416106 56222
64428754 56222
64440770 56222
64453969 56222
64467307 56222
64480664 56222
64493388 56222
64506937 56222
64517571 56222
64530137 56222
64542287 56222
64553310 56222
64565729 56222
64577033 56222
64588091 56222
64599008 56222
64611887 56222
64623333 56222
64634841 56222
64645837 56222
64658454 56222
64671520 56222
64682633 56222
64693604 56222
64706165 56222
64719433 56222
64731964 56222
64742640 56222
64753639 56222
64764216 56222
64776785 56222
64788100 56222
64800880 56222
64813646 56222
64826064 56222
64839240 56222
64852636 56222
64865776 56222
64878753 56222
64889772 56222
64903274 56222
64915776 56222
64929640 56222
64939801 56222
64953238 56222
64964226 56222
64977467 56222
64989810 56222
65003102 56222
65016905 56222
65030643 56222
65042559 56222
65055537 56222
65067246 56222
65079549 56222
65091007 56222
65104683 56222
65115939 56222
65128507 56222
65141157 56222
65154377 56222
65167231 56222
65179420 56222
65192273 56222
65205178 56222
65217433 56222
65230220 56222
65242847 56222
65255969 56222
65269370 56222
65283003 56222
65296382 56222
65309119 56222
65322035 56222
65335018 56222
65349197 56222
65361848 56222
65375413 56222
65386313 56222
65397436 56222
65408937 56222
65421777 56222
65432553 56222
65442988 56222
65453633 56222
65466058 56222
65478916 56222
65491736 56222
65502850 56222
65515014 56222
65528368 56222
65541320 56222
65554665 56222
65565834 56222
65576531 56222
65586916 56222
65599100 56222
65610189 56222
65621461 56222
65634806 56222
65645603 56222
65658814 56222
65669446 56222
65682563 56222
65693490 56222
65704475 56222
65715205 56222
65727443 56222
65740370 56222
65751231 56222
65764420 56222
65775093 56222
65786250 56222
65796504 56222
65807690 56222
65821143 56222
65833642 56222
65845569 56222
65858835 56222
65871453 56222
65882319 56222
65894256 56222
65907536 56222
65918724 56222
65929964 56222
65940781 56222
65953251 56222
65965240 56222
65978856 56222
65991460 56222
66003795 56222
66016728 56222
66029470 56222
66041068 56222
66054749 56222
66065588 56222
66077179 56222
66087943 56222
66098794 56222
66109794 56222
66121613 56222
66132344 56222
66143004 56222
66155227 56222
66167452 56222
66178120 56222
66188907 56222
66201754 56222
66213924 56222
66225794 56222
66236557 56222
66247775 56222
66258782 56222
66270493 56222
66281195 56222
66292284 56222
66304595 56222
66317169 56222
66329676 56222
66342567 56222
66354941 56222
66367551 56222
66379702 56222
66390829 56222
66404212 56222
66415224 56222
66428208 56222
66441156 56222
66454781 56222
66467740 56222
66481013 56222
66492399 56222
66504019 56222
66517215 56222
66528311 56222
66540965 56222
66553848 56222
66565700 56222
66578781 56222
66589677 56222
66601492 56222
66614542 56222
66627733 56222
66639009 56222
66650798 56222
66661690 56222
66672626 56222
66683841 56222
66696754 56222
66708745 56222
66720306 56222
66733955 56222
66745406 56222
66756481 56222
66767868 56222
66780932 56222
66792985 56222
66803700 56222
66817255 56222
66830229 56222
66842869 56222
66854048 56222
66867897 56222
66879834 56222
66893203 56222
66904380 56222
66917850 56222
66928545 56222
66941237 56222
66953052 56222
66967127 56222
66981335 56222
66995104 56222
67008301 56222
67021763 56222
67035203 56222
67047620 56222
67059067 56222
67072474 56222
67083555 56222
67094666 56222
67108027 56222
67120916 56222
67132575 56222
67146265 56222
67159889 56222
67172650 56222
67183629 56222
67194624 56222
67205780 56222
67218881 56222
67232426 56222
67244719 56222
67257799 56222
67271198 56222
67283309 56222
67295571 56222
67306428 56222
67317518 56222
67330032 56222
67341416 56222
67354202 56222
67364764 56222
67375550 56222
67388014 56222
67399412 56222
67412317 56222
67425239 56222
67437950 56222
67450590 56222
67463475 56222
67475471 56222
67487639 56222
67499926 56222
67512833 56222
67524153 56222
67535701 56222
67546538 56222
67560138 56222
67573565 56222
67587196 56222
67600534 56222
67611654 56222
67624983 56222
67635997 56222
67647616 56222
67660377 56222
67673455 56222
67686605 56222
67697565 56222
67709309 56222
67721514 56222
67733608 56222
67746679 56222
67757889 56222
67768473 56222
67781403 56222
67794344 56222
67805042 56222
67818022 56222
67831780 56222
67842845 56222
67855280 56222
67868709 56222
67882314 56222
67896066 56222
67909428 56222
67923013 56222
67933911 56222
67945399 56222
67958947 56222
67970081 56222
67982573 56222
67993696 56222
68006708 56222
68020248 56222
68031198 56222
68042606 56222
68053235 56222
68066399 56222
68079880 56222
68093201 56222
68105316 56222
68117768 56222
68131115 56222
68144031 56222
68156604 56222
68169461 56222
68181065 56222
68191978 56222
68202621 56222
68215650 56222
68229046 56222
68242426 56222
68255403 56222
68268103 56222
68279136 56222
68292616 56222
68305193 56222
68318160 56222
68330927 56222
68341560 56222
68354085 56222
68366707 56222
68377663 56222
68390821 56222
68403594 56222
68415462 56222
68427737 56222
68438623 56222
68451442 56222
68462809 56222
68474115 56222
68486385 56222
68496773 56222
68509002 56222
68519932 56222
68530884 56222
68543557 56222
68556824 56222
68568106 56222
68579094 56222
68590026 56222
68601318 56222
68612416 56222
68625159 56222
68636180 56222
68647556 56222
68659788 56222
68670522 56222
68683815 56222
68694941 56222
68705411 56222
68716309 56222
68728989 56222
68740328 56222
68751157 56222
68762343 56222
68775277 56222
68785972 56222
68796552 56222
68809394 56222
68822565 56222
68835198 56222
68845992 56222
68858937 56222
68871778 56222
68884426 56222
68895613 56222
68906058 56222
68918364 56222
68929336 56222
68939526 56222
68952164 56222
68964416 56222
68975415 56222
68987554 56222
68999794 56222
69010331 56222
69021177 56222
69033998 56222
69044730 56222
69055613 56222
69066576 56222
69077994 56222
69090071 56222
69103499 56222
69115635 56222
69128814 56222
69139692 56222
69152236 56222
69165582 56222
69177439 56222
69190478 56222
69203921 56222
69217423 56222
69229436 56222
69242138 56222
69255361 56222
69268600 56222
69279620 56222
69291977 56222
69305611 56222
69318903 56222
69330105 56222
69341380 56222
69354514 56222
69367749 56222
69378539 56222
69391020 56222
69403573 56222
69416656 56222
69429841 56222
69440726 56222
69452665 56222
69465445 56222
69478327 56222
69491215 56222
69504285 56222
69516085 56222
69527064 56222
69539700 56222
69552512 56222
69566050 56222
69578400 56222
69590830 56222
69601353 56222
69612259 56222
69625711 56222
69638261 56222
69650772 56222
69663756 56222
69674972 56222
69685397 56222
69696351 56222
69708049 56222
69720611 56222
69732476 56222
69745275 56222
69757156 56222
69770579 56222
69784107 56222
69795694 56222
69808381 56222
69819702 56222
69832726 56222
69843640 56222
69857004 56222
69868503 56222
69879394 56222
69890245 56222
69903344 56222
69915256 56222
69926089 56222
69938501 56222
69951684 56222
69963176 56222
69974209 56222
69984819 56222
69995939 56222
70006881 56222
70018341 56222
70031746 56222
70042646 56222
70053254 56222
70064178 56222
70076357 56222
70089139 56222
70102061 56222
70114857 56222
70127814 56222
70139797 56222
70151113 56222
70163766 56222
70176295 56222
70188002 56222
70198226 56222
70209196 56222
70220984 56222
70233609 56222
70246014 56222
70256472 56222
70267426 56222
70279892 56222
70292582 56222
70304885 56222
70315446 56222
70326070 56222
70336767 56222
70349735 56222
70360336 56222
70373732 56222
70386690 56222
70399274 56222
70411482 56222
70424063 56222
70436154 56222
70446610 56222
70457509 56222
70470575 56222
70482155 56222
70493365 56222
70506461 56222
70519594 56222
70529898 56222
70542720 56222
70554336 56222
70567365 56222
70578139 56222
70591314 56222
70602230 56222
70614320 56222
70626350 56222
70638560 56222
70651304 56222
70662969 56222
70675086 56222
70687764 56222
70699228 56222
70712142 56222
70724679 56222
70735213 56222
70746476 56222
70758754 56222
70771235 56222
70784417 56222
70796188 56222
70807124 56222
70818448 56222
70831333 56222
70842382 56222
70854771 56222
70867553 56222
70879791 56222
70890568 56222
70903530 56222
70916321 56222
70928848 56222
70940344 56222
70951834 56222
70963247 56222
70973866 56222
70984628 56222
70997136 56222
71009881 56222
71022147 56222
71035770 56222
71048224 56222
71060788 56222
71071224 56222
71081703 56222
71093939 56222
71104328 56222
71116859 56222
71127602 56222
71138303 56222
71148887 56222
71160045 56222
71172821 56222
71186087 56222
71199883 56222
71212216 56222
71222938 56222
71234478 56222
71245417 56222
71257590 56222
71269519 56222
71280524 56222
71291467 56222
71301649 56222
71312855 56222
71324906 56222
71337276 56222
71350137 56222
71362611 56222
71375321 56222
71387526 56222
71400591 56222
71411683 56222
71423992 56222
71435046 56222
71445778 56222
71458590 56222
71471579 56222
71482550 56222
71495810 56222
71507019 56222
71518103 56222
71531046 56222
71543138 56222
71556743 56222
71569824 56222
71582564 56222
71594405 56222
71604997 56222
71615804 56222
71628679 56222
71640475 56222
71653835 56222
71667254 56222
71680757 56222
71694018 56222
71705056 56222
71718028 56222
71730025 56222
71741354 56222
71754922 56222
71767686 56222
71780779 56222
71791965 56222
71803612 56222
71816699 56222
71828988 56222
71840322 56222
71851153 56222
71861726 56222
71873781 56222
71886482 56222
71898928 56222
71909895 56222
71922193 56222
71934041 56222
71946435 56222
71960306 56222
71970338 56222
71982926 56222
71996053 56222
72008457 56222
72019880 56222
72031775 56222
72043227 56222
72056522 56222
72069713 56222
72083143 56222
72095938 56222
72109092 56222
72122376 56222
72135585 56222
72149272 56222
72160832 56222
72173323 56222
72184807 56222
72197757 56222
72211004 56222
72224367 56222
72237952 56222
72250213 56222
72261248 56222
72274612 56222
72286969 56222
72300309 56222
72313566 56222
72324153 56222
72337002 56222
72348615 56222
72360470 56222
72373883 56222
72387085 56222
72399339 56222
72411536 56222
72423516 56222
72435209 56222
72448727 56222
72462323 56222
72476236 56222
72489856 56222
72501289 56222
72512326 56222
72524489 56222
72535631 56222
72548551 56222
72561417 56222
72574112 56222
72587425 56222
72601101 56222
72614529 56222
72627600 56222
72638918 56222
72650725 56222
72662235 56222
72675136 56222
72687953 56222
72698879 56222
72710012 56222
72720934 56222
72733025 56222
72744597 56222
72755914 56222
72768728 56222
72779061 56222
72789503 56222
72800555 56222
72811465 56222
72823708 56222
72834540 56222
72845817 56222
72858791 56222
72871712 56222
72884517 56222
72897885 56222
72910976 56222
72921885 56222
72935177 56222
72948318 56222
72959578 56222
72970354 56222
72984461 56222
72996868 56222
73009329 56222
73020240 56222
73032070 56222
73043221 56222
73055824 56222
73067656 56222
73079675 56222
73091596 56222
73102265 56222
73114036 56222
73126902 56222
73139837 56222
73150672 56222
73161836 56222
73173026 56222
73185707 56222
73196708 56222
73208344 56222
73221046 56222
73232997 56222
73245912 56222
73258403 56222
73270394 56222
73283742 56222
73297206 56222
73309982 56222
73321430 56222
73335011 56222
73345790 56222
73358286 56222
73369263 56222
73380909 56222
73391846 56222
73403684 56222
73414457 56222
73425111 56222
73437273 56222
73448318 56222
73460954 56222
73471786 56222
73482439 56222
73493244 56222
73506204 56222
73518948 56222
73529173 56222
73540410 56222
73551171 56222
73564491 56222
73577550 56222
73590243 56222
73603214 56222
73614710 56222
73628028 56222
73641513 56222
73654218 56222
73665848 56222
73679656 56222
73691321 56222
73702170 56222
73713089 56222
73725978 56222
73737214 56222
73749724 56222
73763125 56222
73776400 56222
73788394 56222
73801430 56222
73812583 56222
73824555 56222
73835989 56222
73848357 56222
73861187 56222
73874420 56222
73885791 56222
73896489 56222
73909317 56222
73922608 56222
73935486 56222
73948293 56222
73959787 56222
73972589 56222
73984079 56222
73996865 56222
74008223 56222
74021454 56222
74032315 56222
74045778 56222
74058528 56222
74071503 56222
74083255 56222
74094623 56222
74106398 56222
74117267 56222
74130022 56222
74141149 56222
74152710 56222
74163875 56222
74174816 56222
74188182 56222
74202126 56222
74212697 56222
74224086 56222
74234948 56222
74247524 56222
74259956 56222
74272578 56222
74285712 56222
74298763 56222
74311873 56222
74324510 56222
74337771 56222
74351243 56222
74364136 56222
74376953 56222
74389404 56222
74401796 56222
74412714 56222
74426066 56222
74439079 56222
74452200 56222
74464232 56222
74476693 56222
74489590 56222
74501492 56222
74514617 56222
74526630 56222
74537680 56222
74548476 56222
74561489 56222
74572041 56222
74583160 56222
74595855 56222
74608878 56222
74621776 56222
74634894 56222
74646597 56222
74659567 56222
74672795 56222
74685176 56222
74698503 56222
74711040 56222
74724468 56222
74736171 56222
74747523 56222
74760751 56222
74774121 56222
74785176 56222
74797925 56222
74811002 56222
74824526 56222
74837542 56222
74848935 56222
74860671 56222
74871697 56222
74882754 56222
74895146 56222
74908365 56222
74920885 56222
74933717 56222
74947124 56222
74960233 56222
74972990 56222
74986129 56222
74998671 56222
75011933 56222
75024476 56222
75035360 56222
75046345 56222
75058506 56222
75069364 56222
75079645 56222
75092291 56222
75104419 56222
75115242 56222
75127835 56222
75138536 56222
75149613 56222
75161394 56222
75172506 56222
75185243 56222
75198683 56222
75210141 56222
75223245 56222
75233838 56222
75244889 56222
75255906 56222
75269033 56222
75282209 56222
75293361 56222
75303777 56222
75315393 56222
75328175 56222
75341348 56222
75352430 56222
75365210 56222
75377715 56222
75389824 56222
75403342 56222
75416932 56222
75429726 56222
75442775 56222
75455614 56222
75467526 56222
75479196 56222
75490189 56222
75502948 56222
75516902 56222
75529923 56222
75540989 56222
75551528 56222
75564063 56222
75576240 56222
75587555 56222
75598233 56222
75611183 56222
75623861 56222
75634259 56222
75644661 56222
75657010 56222
75669334 56222
75680389 56222
75693334 56222
75706797 56222
75720669 56222
75733657 56222
75746296 56222
75757221 56222
75771222 56222
75783547 56222
75796399 56222
75809576 56222
75822474 56222
75836080 56222
75847308 56222
75859833 56222
75871448 56222
75885027 56222
75898577 56222
75909643 56222
75922248 56222
75935460 56222
75948306 56222
75959439 56222
75972511 56222
75984892 56222
75997549 56222
76010246 56222
76022695 56222
76035731 56222
76048844 56222
76061541 56222
76075080 56222
76086887 56222
76099373 56222
76110577 56222
76121416 56222
76132051 56222
76145950 56222
76159598 56222
76171872 56222
76184464 56222
76197227 56222
76208959 56222
76219678 56222
76230887 56222
76242027 56222
76253216 56222
76264261 56222
76274878 56222
76287002 56222
76299781 56222
76312707 56222
76326174 56222
76339809 56222
76350998 56222
76362955 56222
76374827 56222
76387296 56222
76400340 56222
76413255 56222
76426040 56222
76438967 56222
76452673 56222
76463429 56222
76476161 56222
76488745 56222
76502013 56222
76514833 56222
76526548 56222
76539134 56222
76551806 56222
76563818 56222
76576476 56222
76587143 56222
76600003 56222
76612466 56222
76624621 56222
76635339 56222
76647468 56222
76660365 56222
76672942 56222
76683994 56222
76694888 56222
76705727 56222
76718555 56222
76730883 56222
76744371 56222
76755381 56222
76767353 56222
76779033 56222
76792220 56222
76803743 56222
76815946 56222
76828150 56222
76838759 56222
76850912 56222
76861988 56222
76874890 56222
76887984 56222
76901506 56222
76914528 56222
76925538 56222
76938564 56222
76950544 56222
76960977 56222
76971359 56222
76981720 56222
76995387 56222
77008483 56222
77020719 56222
77033934 56222
77047123 56222
77059825 56222
77072545 56222
77083407 56222
77096121 56222
77106867 56222
77117952 56222
77131515 56222
77143264 56222
77154092 56222
77164928 56222
77177096 56222
77190561 56222
77203167 56222
77216081 56222
77228404 56222
77238640 56222
77251161 56222
77264668 56222
77275990 56222
77286996 56222
77298058 56222
77311389 56222
77325131 56222
77338740 56222
77351183 56222
77364168 56222
77376067 56222
77387309 56222
77400416 56222
77411570 56222
77424807 56222
77435683 56222
77446818 56222
77458043 56222
77470022 56222
77481605 56222
77494180 56222
77507599 56222
77518620 56222
77530810 56222
77542878 56222
77554326 56222
77566888 56222
77578019 56222
77588868 56222
77599728 56222
77612425 56222
77625298 56222
77636668 56222
77647995 56222
77660540 56222
77672250 56222
77684535 56222
77695219 56222
77707853 56222
77720804 56222
77733396 56222
77746430 56222
77758477 56222
77770419 56222
77780990 56222
77793588 56222
77805076 56222
77815787 56222
77827809 56222
77840814 56222
77852039 56222
77862592 56222
77873168 56222
77885010 56222
77897329 56222
77910397 56222
77923323 56222
77935211 56222
77948106 56222
77959344 56222
77970564 56222
77981497 56222
77993369 56222
78006241 56222
78019262 56222
78031284 56222
78041879 56222
78052490 56222
78063637 56222
78076641 56222
78090575 56222
78104043 56222
78117449 56222
78128773 56222
78141517 56222
78153722 56222
78166862 56222
78179681 56222
78190420 56222
78203807 56222
78215072 56222
78228421 56222
78240779 56222
78251923 56222
78262422 56222
78274246 56222
78285275 56222
78298757 56222
78310424 56222
78323634 56222
78335348 56222
78348436 56222
78359572 56222
78370909 56222
78384621 56222
78398252 56222
78410947 56222
78421892 56222
78434924 56222
78446368 56222
78458839 56222
78472944 56222
78485995 56222
78497047 56222
78508425 56222
78519831 56222
78532762 56222
78544598 56222
78556253 56222
78567851 56222
78580911 56222
78592323 56222
78603747 56222
78614426 56222
78625324 56222
78637108 56222
78650171 56222
78661434 56222
78674177 56222
78687578 56222
78701095 56222
78713624 56222
78726485 56222
78737527 56222
78748668 56222
78759781 56222
78770893 56222
78781340 56222
78793793 56222
78805087 56222
78816241 56222
78827008 56222
78838620 56222
78849500 56222
78862639 56222
78874079 56222
78885238 56222
78897282 56222
78910312 56222
78920653 56222
78931931 56222
78945030 56222
78956628 56222
78969143 56222
78981777 56222
78992909 56222
79005819 56222
79019425 56222
79032256 56222
79043323 56222
79056591 56222
79069548 56222
79082019 56222
79094764 56222
79107993 56222
79118839 56222
79130206 56222
79143298 56222
79155632 56222
79168015 56222
79179197 56222
79191416 56222
79204317 56222
79217075 56222
79230061 56222
79243068 56222
79256392 56222
79269733 56222
79282404 56222
79295519 56222
79307901 56222
79320642 56222
79333352 56222
79343897 56222
79354775 56222
79365374 56222
79376269 56222
79386924 56222
79397917 56222
79408435 56222
79419049 56222
79429963 56222
79441167 56222
79451826 56222
79462964 56222
79475345 56222
79486434 56222
79497081 56222
79509507 56222
79520595 56222
79533246 56222
79546153 56222
79559749 56222
79570387 56222
79580535 56222
79593725 56222
79604446 56222
79615519 56222
79626270 56222
79637566 56222
79648380 56222
79661302 56222
79674342 56222
79687434 56222
79700809 56222
79713341 56222
79724613 56222
79734976 56222
79746677 56222
79757208 56222
79769772 56222
79780719 56222
79793367 56222
79806084 56222
79819806 56222
79831135 56222
79843434 56222
79854507 56222
79865131 56222
79876111 56222
79886815 56222
79898349 56222
79910158 56222
79923208 56222
79936047 56222
79947499 56222
79960578 56222
79974007 56222
79987465 56222
79999234 56222
80012506 56222
80025159 56222
80038500 56222
80049820 56222
80062992 56222
80076382 56222
80087682 56222
80100605 56222
80113475 56222
80126093 56222
80137430 56222
80150391 56222
80161444 56222
80174805 56222
80187471 56222
80199310 56222
80212988 56222
80226272 56222
80239688 56222
80252630 56222
80265742 56222
80278071 56222
80289399 56222
80303044 56222
80316044 56222
80329129 56222
80342751 56222
80356130 56222
80368917 56222
80382435 56222
80394385 56222
80407529 56222
80421190 56222
80434208 56222
80447393 56222
80460660 56222
80471683 56222
80484601 56222
80497724 56222
80510349 56222
80524261 56222
80536780 56222
80549184 56222
80561016 56222
80574416 56222
80586810 56222
80599575 56222
80613408 56222
80626850 56222
80639878 56222
80651219 56222
80662268 56222
80673440 56222
80686557 56222
80698453 56222
80709984 56222
80723027 56222
80736413 56222
80748690 56222
80761585 56222
80775365 56222
80788374 56222
80799588 56222
80812831 56222
80825171 56222
80837703 56222
80848651 56222
80861309 56222
80873783 56222
80886638 56222
80901197 56222
80914690 56222
80927878 56222
80941044 56222
80954157 56222
80965219 56222
80978189 56222
80989747 56222
81003137 56222
81013824 56222
81026815 56222
81040326 56222
81051318 56222
81063720 56222
81075938 56222
81089193 56222
81102135 56222
81114560 56222
81127026 56222
81138470 56222
81151876 56222
81165216 56222
81176803 56222
81189375 56222
81201093 56222
81213022 56222
81225058 56222
81238165 56222
81249885 56222
81260485 56222
81271503 56222
81283878 56222
81297154 56222
81307703 56222
81318380 56222
81329020 56222
81340152 56222
81352974 56222
81366348 56222
81378141 56222
81388811 56222
81401495 56222
81412648 56222
81423080 56222
81435700 56222
81448713 56222
81460690 56222
81471329 56222
81482599 56222
81495377 56222
81507956 56222
81518631 56222
81531145 56222
81542137 56222
81554937 56222
81567293 56222
81579731 56222
81592592 56222
81605851 56222
81619368 56222
81630844 56222
81642160 56222
81653443 56222
81665528 56222
81676716 56222
81689767 56222
81702488 56222
81715099 56222
81726290 56222
81737511 56222
81748546 56222
81759653 56222
81772562 56222
81783647 56222
81796029 56222
81807122 56222
81818086 56222
81831530 56222
81842388 56222
81855775 56222
81869157 56222
81882909 56222
81895263 56222
81908654 56222
81921083 56222
81933452 56222
81945722 56222
81957754 56222
81968311 56222
81979285 56222
81992324 56222
82005091 56222
82018191 56222
82031868 56222
82044414 56222
82055887 56222
82069458 56222
82081197 56222
82094241 56222
82107317 56222
82120738 56222
82133287 56222
82146138 56222
82158484 56222
82171935 56222
82184513 56222
82195683 56222
82208302 56222
82221265 56222
82234916 56222
82248074 56222
82261663 56222
82275273 56222
82288370 56222
82299620 56222
82310815 56222
82321423 56222
82332976 56222
82343919 56222
82356350 56222
82368206 56222
82381426 56222
82394737 56222
82405638 56222
82416315 56222
82426705 56222
82439201 56222
82449898 56222
82462346 56222
82475300 56222
82486137 56222
82497647 56222
82508482 56222
82519106 56222
82531749 56222
82542974 56222
82556278 56222
82567300 56222
82578086 56222
82589030 56222
82599066 56222
82610048 56222
82621429 56222
82634293 56222
82647322 56222
82659283 56222
82670053 56222
82681232 56222
82693005 56222
82704699 56222
82715774 56222
82728804 56222
82741677 56222
82753114 56222
82765921 56222
82779397 56222
82790923 56222
82803681 56222
82815448 56222
82828233 56222
82840969 56222
82854126 56222
82866570 56222
82877662 56222
82888577 56222
82899631 56222
82911698 56222
82925187 56222
82936700 56222
82950343 56222
82963491 56222
82974929 56222
82986003 56222
82997033 56222
83008211 56222
83019251 56222
83029793 56222
83040410 56222
83050747 56222
83061712 56222
83074491 56222
83086901 56222
83097929 56222
83109032 56222
83121255 56222
83133842 56222
83145209 56222
83158820 56222
83169934 56222
83180995 56222
83193804 56222
83204818 56222
83215570 56222
83229154 56222
83242700 56222
83255032 56222
83267053 56222
83280391 56222
83293405 56222
83306929 56222
83320264 56222
83332999 56222
83346327 56222
83359704 56222
83372763 56222
83385142 56222
83395932 56222
83408660 56222
83422081 56222
83434309 56222
83446728 56222
83457662 56222
83470551 56222
83481733 56222
83494080 56222
83506211 56222
83517667 56222
83529857 56222
83542873 56222
83554644 56222
83567858 56222
83581242 56222
83594039 56222
83605686 56222
83618604 56222
83631566 56222
83645486 56222
83658847 56222
83671044 56222
83684517 56222
83698128 56222
83710395 56222
83721026 56222
83733837 56222
83746982 56222
83760068 56222
83773822 56222
83787121 56222
83798064 56222
83810514 56222
83821375 56222
83832592 56222
83846285 56222
83858509 56222
83871465 56222
83885388 56222
83898534 56222
83911658 56222
83925261 56222
83936604 56222
83948498 56222
83960886 56222
83973256 56222
83986781 56222
83999767 56222
84013732 56222
84025755 56222
84039433 56222
84052689 56222
84066346 56222
84079621 56222
84090571 56222
84103488 56222
84116265 56222
84127972 56222
84141344 56222
84155455 56222
84166503 56222
84177399 56222
84190700 56222
84203734 56222
84217095 56222
84228106 56222
84239208 56222
84250899 56222
84263588 56222
84277163 56222
84288457 56222
84300077 56222
84311309 56222
84321812 56222
84335501 56222
84346442 56222
84359166 56222
84372084 56222
84384927 56222
84397722 56222
84408770 56222
84420538 56222
84433433 56222
84446452 56222
84457253 56222
84470227 56222
84481417 56222
84492962 56222
84505754 56222
84517998 56222
84529575 56222
84540681 56222
84551589 56222
84564139 56222
84577117 56222
84591007 56222
84602617 56222
84614179 56222
84625290 56222
84638693 56222
84652808 56222
84667039 56222
84679010 56222
84692726 56222
84705826 56222
84719376 56222
84732529 56222
84744165 56222
84757427 56222
84770297 56222
84783793 56222
84796312 56222
84809673 56222
84822186 56222
84833270 56222
84844898 56222
84858430 56222
84870599 56222
84883536 56222
84894057 56222
84906355 56222
84919692 56222
84932605 56222
84945337 56222
84957834 56222
84970287 56222
84982340 56222
84995050 56222
85007205 56222
85020122 56222
85032853 56222
85046223 56222
85057352 56222
85067648 56222
85078413 56222
85090697 56222
85103520 56222
85117195 56222
85130061 56222
85143267 56222
85155964 56222
85168500 56222
85181521 56222
85193321 56222
85204998 56222
85215657 56222
85226684 56222
85240547 56222
85253725 56222
85264505 56222
85276899 56222
85287903 56222
85299404 56222
85310227 56222
85323613 56222
85334825 56222
85345989 56222
85356609 56222
85369596 56222
85381678 56222
85394460 56222
85407548 56222
85419115 56222
85430648 56222
85441409 56222
85452263 56222
85465320 56222
85477732 56222
85490322 56222
85501386 56222
85512238 56222
85523057 56222
85535716 56222
85549074 56222
85560195 56222
85573851 56222
85587540 56222
85601461 56222
85612267 56222
85625663 56222
85637292 56222
85648241 56222
85661617 56222
85674512 56222
85685263 56222
85696918 56222
85709242 56222
85722301 56222
85734872 56222
85747954 56222
85759982 56222
85773556 56222
85786489 56222
85798203 56222
85811079 56222
85823021 56222
85836681 56222
85849673 56222
85862883 56222
85875811 56222
85889404 56222
85903019 56222
85916753 56222
85929607 56222
85943113 56222
85957043 56222
85968213 56222
85981300 56222
85993766 56222
86006831 56222
86020286 56222
86031401 56222
86043845 56222
86055538 56222
86066584 56222
86078339 56222
86090977 56222
86104281 56222
86117266 56222
86129756 56222
86143004 56222
86156289 56222
86168876 56222
86179468 56222
86191161 56222
86202906 56222
86215164 56222
86227699 56222
86240633 56222
86251871 56222
86264943 56222
86277899 56222
86289541 56222
86302602 56222
86313463 56222
86326122 56222
86337573 56222
86350939 56222
86361890 56222
86375122 56222
86388655 56222
86401232 56222
