41763 0.883814
68884 0.864232
94855 0.857873
126011 0.859842
152143 0.854091
177493 0.853791
203478 0.855238
229638 0.85784
254034 0.865456
278606 0.851555
303678 0.844206
330299 0.852771
355550 0.853689
381767 0.846002
408399 0.848917
434667 0.843397
460146 0.842029
485357 0.826356
510943 0.835328
535927 0.830545
561744 0.828511
586198 0.83263
611865 0.837078
636963 0.836859
662729 0.832963
688635 0.828308
714030 0.820793
738519 0.838468
763021 0.840873
788731 0.844077
813877 0.853114
839919 0.849077
864714 0.839708
891072 0.842278
915364 0.844745
940271 0.835998
964785 0.831532
990615 0.834017
1017440 0.836789
1042547 0.8365
1067614 0.838761
1091855 0.835146
1116026 0.842006
1140727 0.841862
1165407 0.842213
1189653 0.838439
1213098 0.835201
1239891 0.83693
1264934 0.84185
1290618 0.82644
1315310 0.828873
1341062 0.825679
1366043 0.818974
1390966 0.824825
1415754 0.83551
1441523 0.848703
1467359 0.838681
1492633 0.839253
1518315 0.836297
1543663 0.850572
1568859 0.849215
1594279 0.846059
1619683 0.835392
1645187 0.842553
1670507 0.840471
1696115 0.842809
1723274 0.842772
1747247 0.843093
1771401 0.838281
1796495 0.836406
1822734 0.841116
1847759 0.837207
1874726 0.83574
1900319 0.847331
1925294 0.852468
1952127 0.842005
1976578 0.848428
2002559 0.854221
2028231 0.844252
2054606 0.846525
2079733 0.854483
2105174 0.856069
2130128 0.854861
2155606 0.861219
2180343 0.853401
2206271 0.854101
2230978 0.854808
2255710 0.854234
2280383 0.849438
2307879 0.843119
2333814 0.845408
2359043 0.855934
2384223 0.848222
2410335 0.844386
2436203 0.84758
2462851 0.842433
2487975 0.858645
2513394 0.84903
2538699 0.843526
2564474 0.836456
2590667 0.839999
2618262 0.834186
2644015 0.837426
2669662 0.842432
2694868 0.848174
2721559 0.855206
2747531 0.853898
2773835 0.839633
2798357 0.835823
2823614 0.845419
2849034 0.844948
2874959 0.844939
2900940 0.841071
2925831 0.846327
2951123 0.848789
2976767 0.852023
3002555 0.842443
3027519 0.843414
3052335 0.84373
3077915 0.850918
3103367 0.845826
3129922 0.842657
3155350 0.847497
3180395 0.850398
3206761 0.848815
3231310 0.848549
3256551 0.848887
3281962 0.844423
3307279 0.851729
3332615 0.852286
3358268 0.862962
3384377 0.8584
3410403 0.853427
3436479 0.852355
3462302 0.853546
3488818 0.843723
3514866 0.839299
3540295 0.842299
3565412 0.847554
3589475 0.857169
3613827 0.84787
3638942 0.84532
3664274 0.838648
3689827 0.83713
3715423 0.830312
3740363 0.833344
3765535 0.840987
3790532 0.834652
3815794 0.829301
3842522 0.82119
3868607 0.825129
3893349 0.842427
3918527 0.834512
3943933 0.841739
3970094 0.84453
3996410 0.84166
4021554 0.841665
4046651 0.849297
4071451 0.836229
4097189 0.847268
4122354 0.855659
4147719 0.845769
4173037 0.848719
4197811 0.849998
4223659 0.847199
4248623 0.843848
4274363 0.845294
4300599 0.846489
4326399 0.845657
4351411 0.854261
4376830 0.852153
4402291 0.852216
4427094 0.847942
4452831 0.840562
4479267 0.844084
4504218 0.842919
4530597 0.830398
4555979 0.837978
4581758 0.843809
4607230 0.836053
4630483 0.819318
4656086 0.823261
4680123 0.816943
4705543 0.800025
4729871 0.802055
4754699 0.807487
4778697 0.812318
4802798 0.802022
4826621 0.800034
4852668 0.808582
4878191 0.82005
4902867 0.834599
4929066 0.824529
4954659 0.809166
4980307 0.813102
5006190 0.806054
5031683 0.823672
5056899 0.823636
5082293 0.822079
5105955 0.817469
5131775 0.813053
5157589 0.803104
5182792 0.80019
5207765 0.808503
5233854 0.803864
5258354 0.796573
5283429 0.796418
5308955 0.812792
5334125 0.807132
5359119 0.815071
5384883 0.81397
5410393 0.817756
5435541 0.819436
5461062 0.820829
5485691 0.826162
5511096 0.819138
5536543 0.825028
5562474 0.834465
5588233 0.829008
5612525 0.853747
5637079 0.84237
5663210 0.823575
5688831 0.834264
5714751 0.842744
5739195 0.846525
5764655 0.831812
5790210 0.835657
5815169 0.823971
5840150 0.815859
5866374 0.832499
5891783 0.832817
5917943 0.820739
5942583 0.832245
5968569 0.832376
5994067 0.842753
6019279 0.834247
6043929 0.834713
6068753 0.839468
6094034 0.837364
6119558 0.83484
6144632 0.84025
6169783 0.857304
6195115 0.847333
6220963 0.844614
6246651 0.850747
6272531 0.851614
6296831 0.836875
6322370 0.835058
6347967 0.83609
6373698 0.844717
6398675 0.84774
6425051 0.853042
6451351 0.849924
6477023 0.84388
6502363 0.836524
6529194 0.839582
6555879 0.839541
6584633 0.844761
6608987 0.84974
6634699 0.848805
6659944 0.835926
6685795 0.832452
6711731 0.838018
6737726 0.836565
6762625 0.833208
6787434 0.834563
6812726 0.815045
6838351 0.825425
6864213 0.824642
6889666 0.832853
6916246 0.838885
6942275 0.847912
6967511 0.831743
6993527 0.826284
7018210 0.840501
7045065 0.832739
7070043 0.846256
7095733 0.839572
7120562 0.839764
7146563 0.845262
7171231 0.845428
7196026 0.833411
7221431 0.830862
7248902 0.831182
7276925 0.826882
7301655 0.833901
7326936 0.840403
7352806 0.837778
7379143 0.831727
7405495 0.834164
7432423 0.832687
7457536 0.836721
7482039 0.820435
7507758 0.804684
7533498 0.81926
7558574 0.808205
7583857 0.794915
7609149 0.822813
7635551 0.813458
7661414 0.808477
7685879 0.820604
7710423 0.810657
7736603 0.805411
7761823 0.810868
7786898 0.810337
7811825 0.821232
7837689 0.835042
7863095 0.83321
7888714 0.838887
7915124 0.816512
7940115 0.813266
7965049 0.799372
7988946 0.785949
8014343 0.782583
8039705 0.765285
8063719 0.766944
8088311 0.777299
8112667 0.789331
8137175 0.807327
8162397 0.824216
8188520 0.823454
8212673 0.821472
8238447 0.828153
8263610 0.817863
8289187 0.804697
8314619 0.803931
8339999 0.806702
8365527 0.799277
8390152 0.810948
8415713 0.821607
8440350 0.827288
8464515 0.826374
8489235 0.823209
8514199 0.821365
8538786 0.811197
8563975 0.813447
8589446 0.816349
8614795 0.82615
8640918 0.823229
8666237 0.816433
8690899 0.812776
8715686 0.823395
8739998 0.833774
8764990 0.839504
8789572 0.839069
8814255 0.8441
8838535 0.850431
8863859 0.855377
8888233 0.85305
8914306 0.844014
8940667 0.84657
8965892 0.842324
8992349 0.836443
9017807 0.843766
9044135 0.844421
9069542 0.848795
9094983 0.834293
9119357 0.839392
9144523 0.832221
9170415 0.830677
9195425 0.838877
9221030 0.838258
9246166 0.842268
9270733 0.834655
9296375 0.837848
9322419 0.821113
9348076 0.837531
9372525 0.836655
9398033 0.834229
9423307 0.830993
9447979 0.829644
9474226 0.825535
9500059 0.81143
9525263 0.818088
9550578 0.8252
9575970 0.818155
9601319 0.82555
9625841 0.82176
9651215 0.800821
9675675 0.820777
9700451 0.822985
9724782 0.822726
9748979 0.814895
9773398 0.820564
9798440 0.820897
9824487 0.820549
9849450 0.829059
9875046 0.815779
9900908 0.80401
9926151 0.804219
9950493 0.801001
9974651 0.798508
9999046 0.797349
10023475 0.804235
10047517 0.801782
10070855 0.803242
10095050 0.81575
10120107 0.816495
10144866 0.825006
10170319 0.812511
10196354 0.815211
10221675 0.7964
10247426 0.793882
10272629 0.791797
10298513 0.804664
10324630 0.806713
10349558 0.790743
10374811 0.790245
10399786 0.777147
10424079 0.768034
10449283 0.777363
10475395 0.779894
10500010 0.785224
10524757 0.800372
10549847 0.789464
10574235 0.783295
10598474 0.804413
10623038 0.81219
10647866 0.801786
10672598 0.791806
10697699 0.789863
10723022 0.793251
10748098 0.799851
10773083 0.80876
10798194 0.812471
10823295 0.822691
10848779 0.824697
10873950 0.805334
10901739 0.811026
10927961 0.808774
10952943 0.811038
10978842 0.81097
11005016 0.807251
11029503 0.827959
11054667 0.811493
11080371 0.808847
11106962 0.813841
11132242 0.809438
11157479 0.806285
11183878 0.823338
11208707 0.822453
11234215 0.81657
11259503 0.820192
11284365 0.833117
11310738 0.837143
11335275 0.829481
11361366 0.829036
11386575 0.827921
11410863 0.835472
11435874 0.835635
11461322 0.831812
11486686 0.83739
11511554 0.840017
11536691 0.839583
11562207 0.830989
11587905 0.829524
11613691 0.82568
11638731 0.81921
11663856 0.828492
11688958 0.817718
11714674 0.823927
11739767 0.832683
11765409 0.836925
11790062 0.828587
11814943 0.832424
11840178 0.827319
11864778 0.833456
11891083 0.811913
11916323 0.819355
11941107 0.804716
11966359 0.804572
11993069 0.811361
12018815 0.808136
12044211 0.811974
12069046 0.812368
12094651 0.811891
12118767 0.801687
12143042 0.780799
12168551 0.80096
12193107 0.798235
12219085 0.810594
12243955 0.813391
12269490 0.811448
12294421 0.803359
12319346 0.796755
12345006 0.798371
12370249 0.808063
12394367 0.8135
12418975 0.800344
12443828 0.80377
12468897 0.795121
12493103 0.799608
12518463 0.810322
12543211 0.808331
12568495 0.815899
12592819 0.81295
12618159 0.824974
12643791 0.817825
12670465 0.818723
12695914 0.820906
12721743 0.816772
12747762 0.824157
12773103 0.833628
12799131 0.834626
12824818 0.821457
12851203 0.827925
12875862 0.824324
12900743 0.82864
12926486 0.814957
12951995 0.808963
12977316 0.825866
13002158 0.81348
13026634 0.809662
13051034 0.820059
13075965 0.827424
13101679 0.817939
13127482 0.807454
13152619 0.813782
13179145 0.813934
13205607 0.826069
13230413 0.82904
13256670 0.820298
13282214 0.814248
13308515 0.816013
13333011 0.809736
13357095 0.796197
13382966 0.800567
13408142 0.78398
13433875 0.805324
13458994 0.797611
13484922 0.793873
13509074 0.808731
13533367 0.799923
13558498 0.796412
13583976 0.788927
13608994 0.785917
13632867 0.800862
13658218 0.796549
13683268 0.803572
13707994 0.792674
13733681 0.799449
13759170 0.796183
13784331 0.801586
13809318 0.790248
13834581 0.789497
13859714 0.793482
13884563 0.806573
13910523 0.803274
13935265 0.809607
13960686 0.823419
13986009 0.815556
14010207 0.826454
14035822 0.812442
14061513 0.821649
14086703 0.818269
14112578 0.806997
14136954 0.81113
14161743 0.817163
14186697 0.813939
14212847 0.818191
14238121 0.824067
14263847 0.826397
14288050 0.82758
14311835 0.819878
14337855 0.826365
14362894 0.823957
14388407 0.821234
14413235 0.818289
14440038 0.813037
14465595 0.814673
14490914 0.827272
14517529 0.828386
14542243 0.824884
14567395 0.828111
14593986 0.825863
14618706 0.811666
14644422 0.814089
14670226 0.827497
14695567 0.819927
14720023 0.804429
14743037 0.794132
14767738 0.807541
14792965 0.78696
14817391 0.792622
14843213 0.792752
14867599 0.803987
14892649 0.792459
14917959 0.794403
14943125 0.774478
14970351 0.771879
14995743 0.776417
15020357 0.777461
15043998 0.779657
15069082 0.770345
15093856 0.770906
15119371 0.77573
15144691 0.77805
15170069 0.779119
15196490 0.775726
15221578 0.789625
15245806 0.789147
15271279 0.80005
15295934 0.813908
15320735 0.806664
15345107 0.795817
15369555 0.789809
15394001 0.80277
15418074 0.79713
15443021 0.798998
15468034 0.799111
15493274 0.797561
15519392 0.808954
15544768 0.800041
15569982 0.810851
15595392 0.800125
15620069 0.811268
15646179 0.821224
15671407 0.82739
15697290 0.827083
15722072 0.822284
15747107 0.823562
15771985 0.817272
15795847 0.812483
15820975 0.811629
15846425 0.821355
15872063 0.832146
15898007 0.82904
15923999 0.836826
15949263 0.832184
15974439 0.83404
16001686 0.844819
16027251 0.840245
16053058 0.8306
16079193 0.8239
16105410 0.830375
16130706 0.83521
16155303 0.836415
16181396 0.833397
16207042 0.834014
16232519 0.845958
16258531 0.839928
16284378 0.83302
16309370 0.818174
16339395 0.819722
16365271 0.812742
16390719 0.811289
16415798 0.814564
16439783 0.816868
16464614 0.818503
16489755 0.815157
16516392 0.818994
16541818 0.817647
16566901 0.817124
16592451 0.819111
16617834 0.825906
16642143 0.840289
16667820 0.82353
16692159 0.827437
16716491 0.830845
16741623 0.828045
16767350 0.825849
16793105 0.837078
16818991 0.839405
16844790 0.837314
16870547 0.846625
16896767 0.84554
16921823 0.840816
16947294 0.838939
16973211 0.830825
16999286 0.838705
17024798 0.84384
17050216 0.839056
17076735 0.847764
17102051 0.835431
17129263 0.827493
17153688 0.829594
17178389 0.832007
17204163 0.828054
17229462 0.834783
17255051 0.837586
17280135 0.83879
17305287 0.839261
17330901 0.829355
17354870 0.818938
17380359 0.817841
17405140 0.820815
17430215 0.811288
17456318 0.814518
17483010 0.827055
17509642 0.827696
17536201 0.829864
17566563 0.822986
17591474 0.842457
17617695 0.821225
17644326 0.824906
17670707 0.834743
17695371 0.834018
17720498 0.824912
17746029 0.803543
17771509 0.801709
17796518 0.804146
17821746 0.808366
17846493 0.780731
17872163 0.780033
17897605 0.800318
17923511 0.806037
17949707 0.797919
17975091 0.823594
18000346 0.824203
18025267 0.830966
18050815 0.829351
18075587 0.832983
18101242 0.834965
18127147 0.839613
18151163 0.833007
18176874 0.829373
18202681 0.816189
18227903 0.813117
18253851 0.81717
18279191 0.820101
18305563 0.830773
18330283 0.841668
18355604 0.833115
18381127 0.831384
18406233 0.830787
18431584 0.841786
18457790 0.840596
18483211 0.841375
18508882 0.838431
18534927 0.83571
18560098 0.833625
18585476 0.829142
18611510 0.831919
18637835 0.82969
18663766 0.829707
18688547 0.822609
18714403 0.824077
18739835 0.821734
18766787 0.813373
18792805 0.806726
18818543 0.820345
18843954 0.806017
18870194 0.826344
18895427 0.827608
18920663 0.819102
18946123 0.804312
18971494 0.815087
18997698 0.809353
19022023 0.821055
19046685 0.813811
19071032 0.802198
19096701 0.7931
19123185 0.778394
19148670 0.755908
19173711 0.762965
19198330 0.783362
19224003 0.787599
19249222 0.785708
19274834 0.767943
19299317 0.768201
19324955 0.78407
19350499 0.77929
19375845 0.787262
19401158 0.798736
19425874 0.8053
19450755 0.805686
19474431 0.807719
19499507 0.812409
19523820 0.821059
19548689 0.816281
19573771 0.810493
19598555 0.818061
19623223 0.798441
19648883 0.798718
19673855 0.82317
19698782 0.813261
19723946 0.807326
19748570 0.814403
19773852 0.809362
19800212 0.797064
19828851 0.813968
19854183 0.825105
19878895 0.811732
19905218 0.821905
19930971 0.840297
19957188 0.827762
19982253 0.831828
20008546 0.836587
20033180 0.837849
20058406 0.844907
20084438 0.82859
20109863 0.828848
20134327 0.81855
20159858 0.822903
20185505 0.819325
20210263 0.815745
20234898 0.818477
20260562 0.795756
20285929 0.802698
20311499 0.809919
20337006 0.804876
20362551 0.818427
20389139 0.806759
20413587 0.792758
20437367 0.794684
20461714 0.791855
20488210 0.799023
20513935 0.801444
20539151 0.791544
20565182 0.79597
20590081 0.782874
20615618 0.780678
20640435 0.796695
20665163 0.783825
20690150 0.771297
20716403 0.779819
20740333 0.802556
20765183 0.808486
20789290 0.80499
20815123 0.808074
20841038 0.801534
20866262 0.812079
20891871 0.81219
20916202 0.821227
20940523 0.828412
20966990 0.82637
20993331 0.818097
21021207 0.82278
21046260 0.816685
21071415 0.825073
21096447 0.819008
21122014 0.830119
21146681 0.834511
21173062 0.838064
21200507 0.834459
21226438 0.827938
21252331 0.824101
21277941 0.818708
21302047 0.812969
21327471 0.808908
21352786 0.788083
21378835 0.76868
21403923 0.785884
21429415 0.754145
21454070 0.739409
21478379 0.748261
21503150 0.766863
21528106 0.774753
21552330 0.78457
21578179 0.794919
21603131 0.803268
21628427 0.795434
21654158 0.777095
21679206 0.777408
21703574 0.765138
21729303 0.767239
21753807 0.759414
21778063 0.771
21802907 0.769446
21826962 0.787553
21852147 0.777283
21876829 0.788781
21901870 0.795032
21926553 0.787387
21951830 0.797304
21976746 0.797186
22001342 0.783008
22026086 0.803517
22051491 0.804958
22076735 0.814436
22101919 0.808895
22126702 0.816322
22153055 0.811539
22177204 0.809649
22202503 0.795641
22227979 0.797466
22253027 0.796439
22277510 0.790899
22301107 0.794574
22326099 0.797178
22350891 0.78892
22375622 0.771809
22401618 0.770933
22425954 0.776197
22451731 0.775874
22475883 0.787095
22500242 0.80011
22525394 0.807483
22550059 0.8058
22575355 0.810635
22599875 0.80717
22623299 0.789243
22647769 0.764399
22673822 0.77273
22699495 0.780012
22725255 0.773427
22749779 0.780591
22775010 0.785327
22799745 0.78864
22824382 0.790918
22848851 0.80074
22873950 0.808105
22899016 0.794068
22924126 0.797958
22949536 0.790324
22974731 0.794598
23000051 0.792737
23023918 0.777098
23047391 0.779623
23071103 0.772951
23096262 0.797554
23121511 0.788681
23146302 0.797369
23171431 0.775538
23196638 0.78814
23221659 0.772219
23246368 0.781747
23270159 0.761455
23295776 0.767774
23321506 0.766808
23346067 0.763186
23371270 0.773555
23396162 0.759652
23419913 0.770874
23445631 0.7872
23470603 0.797259
23495783 0.793296
23521083 0.814814
23545169 0.824691
23570313 0.808974
23594879 0.797661
23620462 0.807232
23646259 0.80753
23673037 0.812044
23698055 0.801555
23723823 0.79783
23749046 0.789408
23774163 0.795978
23798831 0.792398
23823337 0.789013
23847974 0.775816
23873079 0.77054
23898694 0.789445
23923511 0.80621
23948305 0.792087
23973503 0.789737
23998958 0.779888
24022955 0.799922
24048775 0.794298
24073262 0.803692
24097567 0.797834
24123050 0.787013
24148159 0.806857
24173299 0.79144
24199119 0.777023
24223727 0.770931
24248510 0.79014
24273922 0.782931
24299310 0.808485
24323739 0.804448
24349114 0.803371
24373529 0.818454
24400283 0.81632
24426095 0.809861
24452744 0.821615
24477531 0.823791
24504219 0.831215
24529947 0.823173
24556147 0.827403
24581973 0.82301
24607379 0.818388
24633426 0.804075
24658202 0.819953
24682286 0.821195
24707649 0.814117
24732843 0.814158
24757687 0.829635
24783027 0.820357
24807377 0.814007
24832435 0.800735
24857486 0.79539
24883159 0.797845
24908103 0.792356
24933045 0.800752
24959463 0.782546
24985867 0.765274
25010735 0.769821
25036602 0.789048
25062193 0.79605
25086838 0.77766
25112865 0.790162
25137043 0.784503
25161970 0.779444
25186339 0.780887
25212443 0.786323
25237701 0.802884
25263297 0.792638
25289044 0.790226
25315610 0.800132
25342299 0.80022
25365202 0.80146
25390775 0.802097
25415222 0.808752
25439215 0.808271
25465663 0.812248
25492143 0.807236
25517238 0.818707
25542759 0.814598
25568035 0.814443
25593953 0.801863
25618158 0.7974
25644343 0.817386
25669711 0.814166
25694403 0.814796
25719043 0.808529
25744465 0.817712
25768211 0.8325
25792547 0.816165
25817995 0.820703
25844258 0.813564
25869653 0.816388
25895270 0.823951
25919866 0.818032
25945295 0.80882
25970779 0.829862
25997531 0.821296
26024381 0.816534
26051607 0.797521
26077082 0.794579
26101867 0.781688
26127884 0.799786
26153433 0.803736
26179034 0.814302
26203439 0.794591
26228835 0.803007
26255086 0.815049
26281065 0.816672
26307582 0.832572
26332653 0.833629
26358387 0.839957
26383987 0.821139
26409570 0.828193
26434247 0.817877
26460690 0.822065
26485973 0.831328
26512803 0.823084
26539859 0.818072
26563469 0.822617
26588870 0.818904
26614379 0.817144
26639879 0.819359
26664630 0.795828
26690465 0.793941
26714811 0.781959
26739313 0.784206
26763943 0.783097
26790331 0.790743
26814763 0.767203
26839422 0.755608
26864361 0.749256
26889587 0.736296
26914278 0.73923
26937874 0.755479
26960635 0.751779
26985013 0.750419
27009785 0.750755
27033810 0.756577
27058194 0.768804
27082803 0.753601
27108135 0.746987
27133231 0.75263
27158767 0.753183
27182851 0.733393
27208199 0.739127
27232151 0.761619
27257378 0.766511
27281799 0.761606
27305655 0.743276
27330550 0.756745
27355407 0.762369
27380003 0.758386
27405686 0.769199
27430863 0.767423
27455198 0.776074
27479731 0.7643
27505327 0.772668
27529629 0.755188
27552933 0.755109
27577720 0.753265
27601739 0.756382
27626732 0.75427
27652093 0.750003
27676535 0.725163
27700007 0.726929
27724590 0.718236
27749015 0.737878
27773846 0.733117
27798554 0.713677
27822793 0.723015
27846053 0.710816
27870745 0.716325
27895461 0.714669
27920311 0.737159
27943458 0.727056
27966767 0.70782
27990859 0.712448
28015251 0.725547
28040185 0.720985
28064967 0.732236
28090870 0.735141
28114821 0.737766
28138707 0.741828
28162758 0.739188
28187716 0.75445
28213187 0.752421
28238895 0.763402
28264500 0.773923
28291057 0.753954
28316781 0.762076
28342041 0.759168
28367106 0.772564
28391906 0.769597
28418171 0.765591
28443114 0.769982
28467759 0.769312
28493131 0.772435
28516976 0.768467
28541414 0.766773
28565735 0.74604
28590851 0.747587
28614931 0.740243
28638775 0.761096
28662615 0.744113
28687267 0.750806
28712103 0.747445
28735950 0.755853
28760015 0.75055
28784530 0.762444
28806931 0.772442
28831546 0.774335
28855715 0.782095
28880403 0.773468
28904611 0.767237
28927835 0.774107
28953030 0.76889
28979163 0.770257
29004322 0.754872
29029457 0.780579
29052918 0.776342
29078362 0.780934
29103458 0.767812
29127934 0.777215
29152779 0.767883
29178091 0.766985
29202679 0.777117
29226900 0.760158
29251643 0.758519
29276819 0.771105
29300457 0.772567
29325154 0.777997
29349871 0.772776
29375126 0.762957
29400695 0.765745
29425558 0.768429
29450806 0.789161
29476071 0.784563
29501770 0.796896
29526050 0.796793
29552078 0.80608
29578139 0.784068
29602178 0.784098
29626271 0.756418
29650316 0.76835
29674071 0.781295
29699180 0.791278
29723527 0.798486
29748984 0.792201
29774371 0.795868
29799617 0.771581
29823607 0.788538
29848695 0.773573
29874134 0.78168
29898599 0.778753
29924919 0.764454
29950795 0.766429
29975249 0.758025
30001111 0.717605
30025472 0.729213
30049527 0.736035
30073586 0.723121
30097499 0.732694
30122561 0.719463
30146567 0.725559
30171654 0.74235
30196635 0.746478
30221350 0.735738
30246995 0.736245
30271701 0.729817
30297057 0.732174
30321258 0.73358
30345723 0.748271
30369898 0.731178
30396314 0.740919
30420815 0.751416
30446661 0.745067
30471345 0.750293
30496063 0.743813
30520090 0.746447
30544674 0.706992
30570419 0.709884
30595567 0.689679
30619371 0.680736
30644642 0.714111
30669289 0.71793
30694342 0.705476
30719099 0.714738
30743482 0.718403
30766491 0.728499
30791655 0.737693
30816226 0.763258
30839798 0.770559
30865459 0.766518
30889335 0.759641
30914542 0.77764
30939126 0.769755
30964146 0.777233
30989195 0.755457
31014027 0.749976
31039539 0.749827
31064614 0.744555
31090223 0.74735
31114567 0.733116
31138427 0.729363
31161419 0.750083
31185736 0.757535
31208499 0.751415
31233942 0.757176
31260127 0.760062
31280183 0.780379
31304203 0.764423
31329970 0.761641
31354615 0.749411
31379383 0.743956
31404814 0.747088
31429315 0.751896
31454385 0.767227
31478194 0.777709
31502899 0.779903
31527959 0.781432
31553622 0.766061
31578460 0.751834
31603295 0.757425
31627723 0.755376
31651854 0.76312
31678023 0.759575
31702770 0.73478
31728231 0.734441
31751171 0.72537
31776087 0.70824
31800946 0.698642
31825995 0.724546
31849870 0.733912
31873459 0.708535
31898639 0.711982
31924175 0.734002
31948883 0.737826
31973426 0.739402
31998043 0.735217
32022982 0.742955
32047575 0.74538
32072147 0.775075
32096739 0.792895
32121447 0.786701
32145942 0.767798
32171677 0.768456
32195959 0.803493
32222255 0.8099
32247635 0.824858
32273859 0.807777
32299566 0.793743
32326283 0.766275
32351527 0.767782
32378090 0.761087
32402785 0.763766
32427946 0.785678
32453915 0.79996
32479755 0.79014
32505839 0.779813
32530742 0.771013
32556587 0.774622
32580870 0.773877
32605625 0.78027
32630358 0.775288
32656029 0.772217
32681063 0.794653
32706299 0.793796
32730826 0.801119
32755883 0.799254
32781639 0.783234
32806755 0.808686
32831861 0.81233
32856727 0.820161
32880643 0.820791
32906071 0.805676
32931527 0.797715
32955519 0.804935
32980103 0.798381
33005065 0.791287
33030230 0.777921
33055906 0.753771
33081399 0.766625
33106895 0.784866
33132567 0.79007
33156519 0.816191
33181178 0.818879
33206371 0.813409
33231514 0.812335
33257030 0.812476
33281555 0.812536
33305850 0.795166
33331667 0.790679
33357333 0.782695
33383146 0.793299
33408427 0.809502
33433894 0.813422
33461121 0.800967
33485939 0.81497
33512907 0.821607
33538671 0.810579
33564934 0.801363
33591314 0.79675
33616514 0.792395
33640771 0.804714
33665131 0.790007
33689423 0.790762
33715138 0.781458
33740314 0.77571
33764292 0.739512
33789158 0.735784
33814206 0.735004
33840119 0.734947
33865309 0.751677
33889942 0.761735
33913862 0.747488
33938098 0.740606
33963379 0.757797
33988134 0.747125
34013399 0.751616
34038650 0.741985
34062987 0.751041
34087927 0.741742
34113688 0.750272
34137858 0.753665
34163443 0.750447
34187643 0.730789
34210959 0.74427
34236279 0.745949
34261246 0.77428
34285707 0.758368
34310690 0.7583
34335856 0.741146
34361137 0.740436
34385467 0.738015
34409903 0.747418
34435035 0.750368
34459482 0.743242
34484578 0.740045
34510205 0.730079
34535499 0.738388
34560813 0.763602
34584879 0.764211
34610843 0.756272
34636515 0.777906
34662151 0.765931
34687943 0.745811
34712073 0.744437
34735834 0.739624
34758845 0.751497
34783463 0.727057
34808646 0.734487
34834071 0.74476
34858539 0.760722
34882779 0.784
34906406 0.783359
34931259 0.7768
34955642 0.761184
34979987 0.757556
35006102 0.777777
35031095 0.769322
35056532 0.757234
35081422 0.763872
35105309 0.734597
35130482 0.745734
35155279 0.733059
35179570 0.757611
35205959 0.748806
35230617 0.734168
35256293 0.737326
35280477 0.732312
35305921 0.753673
35329746 0.728257
35354882 0.709413
35379699 0.732128
35405063 0.729004
35429492 0.741803
35454431 0.737844
35479141 0.754229
35503705 0.74532
35528097 0.750168
35552114 0.734369
35571731 0.751359
35595599 0.740292
35622259 0.730627
35646587 0.711454
35672137 0.71806
35697963 0.722043
35722807 0.729888
35747709 0.748771
35771817 0.743306
35797590 0.747854
35822498 0.734356
35843988 0.740738
35857494 0.732533
35871175 0.733134
35884593 0.742923
35897995 0.74399
35911387 0.718427
35924533 0.716458
35937978 0.74297
35951807 0.759366
35965258 0.745701
35978569 0.739291
35992194 0.740545
36005932 0.76142
36019745 0.749317
36033052 0.75691
36046607 0.751416
36059851 0.763397
36072938 0.755926
36086370 0.76288
36100378 0.736733
36113728 0.736922
36126774 0.733694
36140031 0.716343
36152797 0.72604
36165485 0.698023
36178899 0.70712
36191471 0.719285
36205434 0.73537
36218762 0.75236
36232183 0.740182
36245877 0.749997
36259552 0.75194
36273233 0.754569
36286765 0.737338
36300018 0.737399
36313387 0.764304
36327069 0.752492
36339931 0.735682
36353181 0.742614
36366542 0.734666
36380015 0.752206
36393581 0.752752
36406834 0.729616
36420114 0.725725
36433352 0.7341
36446904 0.745422
36460371 0.746479
36473493 0.729935
36487322 0.756242
36501282 0.751862
36514394 0.757099
36528223 0.750888
36542197 0.757163
36555195 0.765169
36568818 0.75963
36582230 0.770221
36597961 0.783936
36611647 0.768116
36625696 0.780559
36639466 0.790581
36652466 0.760458
36665663 0.75842
36679048 0.746037
36692655 0.762414
36706190 0.752812
36719981 0.778603
36733474 0.75116
36746920 0.754426
36760145 0.760942
36773430 0.783819
36787196 0.765517
36800475 0.768133
36813948 0.760792
36827783 0.755323
36841491 0.751177
36855087 0.76327
36868443 0.750875
36881848 0.761344
36894629 0.74681
36907389 0.746165
36921191 0.745719
36934877 0.731667
36948657 0.732538
36961950 0.748439
36975204 0.73896
36988230 0.744957
37001382 0.747605
37015095 0.738284
37028400 0.737492
37042243 0.73524
37055090 0.726511
37067831 0.726563
37080982 0.741844
37093549 0.73171
37106837 0.732372
37120898 0.730246
37134497 0.730403
37148567 0.737304
37162346 0.71149
37176211 0.718379
37189572 0.71966
37203057 0.741874
37216318 0.740503
37229720 0.732964
37242850 0.744004
37256104 0.756204
37269701 0.759802
37283110 0.756607
37296236 0.761762
37309665 0.74961
37322628 0.76016
37336255 0.769842
37350182 0.775244
37364224 0.766684
37377967 0.777748
37391407 0.792111
37405239 0.808
37418149 0.81146
37431723 0.811445
37445263 0.810149
37458676 0.79371
37471991 0.809059
37485433 0.801181
37499221 0.807064
37513089 0.806753
37526589 0.803118
37540673 0.822986
37554516 0.827958
37568387 0.821858
37582133 0.832814
37596000 0.818508
37609516 0.830005
37623222 0.828707
37636964 0.820665
37650294 0.814296
37664055 0.798144
37677380 0.799471
37690982 0.812679
37704279 0.805699
37717631 0.805204
37731544 0.800154
37744587 0.802418
37757942 0.80364
37771678 0.81305
37786114 0.807493
37800340 0.810022
37813968 0.803984
37828041 0.801652
37843580 0.820809
37857186 0.825648
37871036 0.812899
37884965 0.814662
37898547 0.811359
37911921 0.783687
37925729 0.773572
37940193 0.779668
37953765 0.779793
37967342 0.752089
37980779 0.767138
37994055 0.761375
38007700 0.756182
38021277 0.760929
38035463 0.765604
38048301 0.757695
38061382 0.745592
38074458 0.729378
38087640 0.723559
38101247 0.726089
38114914 0.747257
38128371 0.726159
38141563 0.743498
38154517 0.745069
38167943 0.73335
38181327 0.744257
38194538 0.749802
38207811 0.738178
38221754 0.733748
38235043 0.718838
38248463 0.705971
38261167 0.719882
38274893 0.729214
38287940 0.729186
38301423 0.732335
38314609 0.728431
38328271 0.718483
38341418 0.713589
38354068 0.727868
38367114 0.730021
38380131 0.741552
38393948 0.727037
38407086 0.754947
38420745 0.773118
38434230 0.756541
38447668 0.763839
38460659 0.755454
38473548 0.758882
38487195 0.765838
38501088 0.759695
38515183 0.755151
38528990 0.762562
38543238 0.759445
38557310 0.747823
38570672 0.761507
38584409 0.767384
38597913 0.767862
38611265 0.754522
38624410 0.747771
38637904 0.763058
38651284 0.772038
38664560 0.78101
38678112 0.771878
38691552 0.752814
38705278 0.754198
38718654 0.767863
38732051 0.758054
38744795 0.777075
38758379 0.777455
38771827 0.763794
38784824 0.759585
38798213 0.75516
38811749 0.744756
38825185 0.721156
38839151 0.72325
38852787 0.70017
38865821 0.70981
38878618 0.718944
38891969 0.724625
38905146 0.714516
38918678 0.747447
38931550 0.734218
38944889 0.75415
38958447 0.737865
38971893 0.721374
38985043 0.728151
38997991 0.728376
39011688 0.728888
39024967 0.733411
39038270 0.738478
39051966 0.753453
39065266 0.764318
39078620 0.7654
39091766 0.778478
39105182 0.781823
39118739 0.776295
39132040 0.78869
39145204 0.783967
39158962 0.77037
39172207 0.769958
39185963 0.780055
39199775 0.779794
39213694 0.782216
39226645 0.772905
39240317 0.763697
39253644 0.763373
39266915 0.758883
39280381 0.750852
39294013 0.774755
39307394 0.766785
39321253 0.757762
39334971 0.766499
39348556 0.785154
39362419 0.767122
39376014 0.761594
39389353 0.75374
39402355 0.759009
39416153 0.766979
39429866 0.758653
39443711 0.760997
39457428 0.748726
39471479 0.764804
39485628 0.770921
39499331 0.773247
39512713 0.781549
39526544 0.786645
39540735 0.779767
39554173 0.75683
39568143 0.733463
39582138 0.761431
39596055 0.752242
39609120 0.762283
39622514 0.765433
39636071 0.763756
39649948 0.764351
39663135 0.74708
39676729 0.755938
39689984 0.739135
39702745 0.705698
39715802 0.700547
39728905 0.725113
39741888 0.742491
39755463 0.739685
39769202 0.75233
39782118 0.755777
39795354 0.7584
39807831 0.756957
39820678 0.764588
39834059 0.760857
39846623 0.746019
39859872 0.760971
39872613 0.747898
39885589 0.761685
39898574 0.779859
39911639 0.768199
39924122 0.758836
39938012 0.770159
39951195 0.769952
39964527 0.779547
39977884 0.791313
39990566 0.796712
40003834 0.77141
40017284 0.772089
40029058 0.779885
40039740 0.770867
40051538 0.765248
40064066 0.744888
40074910 0.755322
40085592 0.742689
40097207 0.757228
40107875 0.765826
40120497 0.792624
40132746 0.79324
40144352 0.771929
40157447 0.78552
40168850 0.783787
40179806 0.791326
40192856 0.811962
40204919 0.794524
40215864 0.79224
40226636 0.77817
40237968 0.750093
40248876 0.750626
40259734 0.761469
40271812 0.754807
40284348 0.766768
40295217 0.747054
40307960 0.765866
40319287 0.740232
40332639 0.717675
40346151 0.729964
40357202 0.757244
40370673 0.747251
40382524 0.737261
40394881 0.737294
40407819 0.746772
40419480 0.759911
40432314 0.775254
40445306 0.807575
40458586 0.798663
40471188 0.798288
40484444 0.817397
40497120 0.817971
40509773 0.806512
40521155 0.774219
40532201 0.778184
40544357 0.764873
40555949 0.73588
40567698 0.726688
40579848 0.722268
40591504 0.728026
40602398 0.735201
40613312 0.745021
40625175 0.740667
40637696 0.756239
40648808 0.755892
40662183 0.748876
40674673 0.749275
40687486 0.739609
40699706 0.719073
40712482 0.728019
40724805 0.749739
40736666 0.737822
40747559 0.733797
40761081 0.738457
40774168 0.751656
40787570 0.765146
40800820 0.774442
40813471 0.762262
40824469 0.768108
40835438 0.765922
40846900 0.760527
40857705 0.782635
40870513 0.773074
40881825 0.76962
40894712 0.76181
40907568 0.773442
40918754 0.786041
40931747 0.768656
40944352 0.754707
40957229 0.731943
40967458 0.71184
40978425 0.731837
40988978 0.726148
41001645 0.715479
41012546 0.720861
41023000 0.740864
41035959 0.762442
41046339 0.765044
41059755 0.765612
41070819 0.768482
41081290 0.797067
41092504 0.799611
41104912 0.787167
41117035 0.779433
41127676 0.7708
41138570 0.76364
41150091 0.764284
41160902 0.73516
41173028 0.745461
41183883 0.75131
41197041 0.766966
41210702 0.768885
41223853 0.768777
41236948 0.775861
41249776 0.770705
41261213 0.749381
41272214 0.748619
41283315 0.748137
41294938 0.729762
41308055 0.724588
41320441 0.738977
41331221 0.749239
41343072 0.742057
41355943 0.762755
41367748 0.784981
41379468 0.781365
41390063 0.768944
41401207 0.759555
41411973 0.740812
41423360 0.739098
41434511 0.794512
41447117 0.756942
41458785 0.719655
41469634 0.724377
41481689 0.698275
41493005 0.730584
41504103 0.736029
41514964 0.721816
41527565 0.729248
41538331 0.732982
41548885 0.727216
41559947 0.748652
41570825 0.763096
41582367 0.745226
41593895 0.738704
41604506 0.739488
41617928 0.75603
41630111 0.760236
41643201 0.764689
41656246 0.78424
41667196 0.797626
41678438 0.788649
41689156 0.758948
41700037 0.749699
41710759 0.751189
41721609 0.754428
41734592 0.752118
41748091 0.760342
41758976 0.740168
41771864 0.747347
41782008 0.753101
41793048 0.755473
41806309 0.773869
41819018 0.754678
41829720 0.763264
41842354 0.755897
41853053 0.736247
41866473 0.721638
41878380 0.72657
41890886 0.734786
41901699 0.729346
41913132 0.734283
41923752 0.733599
41935848 0.726582
41946925 0.72616
41958824 0.733176
41970980 0.743098
41983964 0.745796
41997347 0.746658
42008537 0.760278
42021141 0.753482
42032941 0.743815
42045843 0.735054
42058938 0.739479
42071886 0.737651
42084412 0.763132
42097367 0.777929
42109171 0.765545
42120100 0.761279
42131754 0.771067
42142923 0.785317
42153714 0.771787
42166693 0.776496
42177738 0.777643
42188648 0.76911
42201510 0.765391
42213902 0.757196
42225951 0.781169
42236886 0.778842
42250732 0.767874
42263478 0.756708
42276302 0.743548
42287512 0.755993
42300226 0.763794
42313294 0.760294
42323895 0.727447
42335248 0.714094
42348257 0.693003
42360475 0.716745
42373916 0.725043
42386908 0.730619
42398852 0.730899
42411411 0.748874
42424330 0.757204
42437519 0.769006
42448500 0.774914
42460695 0.788535
42473734 0.796415
42486697 0.788563
42499896 0.800646
42513070 0.777234
42524009 0.789393
42534824 0.785597
42548095 0.771191
42559339 0.773067
42570202 0.759872
42581907 0.742412
42595009 0.76199
42608735 0.755074
42622724 0.773266
42635302 0.779859
42649150 0.783093
42661214 0.777063
42674314 0.779228
42685300 0.772708
42698556 0.796489
42710679 0.78372
42723536 0.788061
42736939 0.784092
42750661 0.778954
42763527 0.765545
42776266 0.784802
42787130 0.769804
42797822 0.736945
42809130 0.738861
42822619 0.723107
42835107 0.732433
42846258 0.703457
42857022 0.678437
42868789 0.715944
42879910 0.71773
42890149 0.740014
42902384 0.763578
42914837 0.780588
42926574 0.79192
42940485 0.78008
42953646 0.784725
42966511 0.781145
42977493 0.785025
42989907 0.782251
43001825 0.778238
43014069 0.750372
43026779 0.7434
43038518 0.746286
43051772 0.756612
43062710 0.742433
43075493 0.725639
43087394 0.746076
43098319 0.751085
43111002 0.740304
43123169 0.750695
43133989 0.773642
43145363 0.786148
43158341 0.770649
43169554 0.776443
43180685 0.754427
43192917 0.768297
43203985 0.753283
43216890 0.740481
43227807 0.72175
43240289 0.733168
43250769 0.745585
43263372 0.758695
43273977 0.747616
43286388 0.733614
43299199 0.749759
43309877 0.770057
43322630 0.771891
43335572 0.768318
43346719 0.758901
43358683 0.738882
43369477 0.733585
43380321 0.731719
43390840 0.729458
43403385 0.723707
43416358 0.703853
43427150 0.704985
43439717 0.700055
43451646 0.682798
43462685 0.665049
43474835 0.675104
43485448 0.701298
43497618 0.725607
43509096 0.741822
43520405 0.7566
43532737 0.745764
43543658 0.74516
43554740 0.748236
43566022 0.760555
43577407 0.770045
43588357 0.776543
43599466 0.793037
43611537 0.796214
43622872 0.783585
43636485 0.802091
43647529 0.801639
43660846 0.80925
43674049 0.809015
43687431 0.805927
43698337 0.792987
43711418 0.789701
43724474 0.788252
43738029 0.807923
43752059 0.820945
43764474 0.820701
43776457 0.80931
43789806 0.817484
43803110 0.807634
43814539 0.799005
43827551 0.807821
43838825 0.817416
43851712 0.817032
43865086 0.810677
43878096 0.789176
43890979 0.779697
43901903 0.756983
43912994 0.767775
43924094 0.765147
43937286 0.753706
43948041 0.751177
43958827 0.759903
43971887 0.759364
43985498 0.78228
43998883 0.781501
44011401 0.786634
44024129 0.77675
44036187 0.769583
44049293 0.767692
44059879 0.764388
44073306 0.746359
44086167 0.742111
44099037 0.724097
44112187 0.731914
44123218 0.748795
44135100 0.762376
44145723 0.745558
44157463 0.743805
44168720 0.750248
44180024 0.760723
44190723 0.757787
44201906 0.772243
44215503 0.769364
44225976 0.780476
44237196 0.767434
44249686 0.772434
44262852 0.766778
44273967 0.762263
44286745 0.754416
44299620 0.772768
44313088 0.779268
44323975 0.805827
44335490 0.79864
44348586 0.798343
44361834 0.775993
44375108 0.776753
44385967 0.77302
44396920 0.752384
44409726 0.745283
44420948 0.747124
44433302 0.756859
44444731 0.766443
44457247 0.771414
44470351 0.774273
44481335 0.778608
44492099 0.771273
44503140 0.774352
44516016 0.76007
44529248 0.782208
44540661 0.780586
44552442 0.773536
44565992 0.784578
44579632 0.770822
44590467 0.778729
44603136 0.773501
44616190 0.789304
44627279 0.794796
44639399 0.781042
44652768 0.770907
44665611 0.758033
44679498 0.755446
44693200 0.769941
44703886 0.774152
44717051 0.766985
44729316 0.75955
44740484 0.763453
44752675 0.774493
44764805 0.759116
44777142 0.765446
44788876 0.736645
44799732 0.746117
44810544 0.730125
44823157 0.718571
44835742 0.71916
44847137 0.728332
44859744 0.723456
44872842 0.723511
44885435 0.741677
44896206 0.759982
44908068 0.762752
44921144 0.768664
44934455 0.77172
44945596 0.766791
44956677 0.755401
44967878 0.762649
44980454 0.751022
44993537 0.75665
45006132 0.768802
45017281 0.779857
45029626 0.76969
45040698 0.79191
45051857 0.794778
45065289 0.78547
45076720 0.783018
45088720 0.790025
45101289 0.788225
45111814 0.770643
45123273 0.753552
45136137 0.769412
45146727 0.763593
45158970 0.765783
45169597 0.790051
45182458 0.787108
45193795 0.776643
45205060 0.759053
45217803 0.731064
45228639 0.72236
45241720 0.710908
45254692 0.722829
45265483 0.720722
45278023 0.722224
45291276 0.747227
45303907 0.756569
45314915 0.762387
45328104 0.785403
45339533 0.778335
45350390 0.780676
45363586 0.742043
45374652 0.735027
45385399 0.738327
45396660 0.759785
45407799 0.732988
45418594 0.743778
45430855 0.720173
45444021 0.735966
45456012 0.743477
45468377 0.773901
45479487 0.765299
45489919 0.760659
45501988 0.734854
45513223 0.732404
45523885 0.758742
45535253 0.771201
45547742 0.745277
45560995 0.72782
45572464 0.749123
45585826 0.770361
45596360 0.777251
45610072 0.77452
45620667 0.771464
45633762 0.778429
45646836 0.7691
45660610 0.785973
45673439 0.784852
45686204 0.772128
45699228 0.761457
45710261 0.752857
45720796 0.733612
45732703 0.720477
45743713 0.72863
45755317 0.726267
45768571 0.740767
45779019 0.722074
45791808 0.720135
45804008 0.724367
45816655 0.723689
45827589 0.730028
45839015 0.720547
45849552 0.736291
45860397 0.738046
45871174 0.717498
45883329 0.722166
45896333 0.722505
45909722 0.748573
45922043 0.750038
45933431 0.754754
45945183 0.750385
45957257 0.760043
45968522 0.767009
45979859 0.756404
45993680 0.739239
46004165 0.751515
46014938 0.748395
46026026 0.744035
46038433 0.742987
46049135 0.73338
46061089 0.745846
46073818 0.740276
46085625 0.731073
46095947 0.719613
46106693 0.716939
46119563 0.731106
46131973 0.713699
46142522 0.712407
46153546 0.726912
46166011 0.71037
46176539 0.702096
46187199 0.715925
46199254 0.735559
46210068 0.747546
46220963 0.749487
46232660 0.751708
46243656 0.768244
46254980 0.752699
46267689 0.742296
46278959 0.755405
46291341 0.756325
46304279 0.742212
46316047 0.740147
46326764 0.721095
46339280 0.702608
46351699 0.716952
46362315 0.731105
46373271 0.730556
46384106 0.724229
46396133 0.699201
46408631 0.706136
46419301 0.69925
46430250 0.696125
46440839 0.701081
46451780 0.715732
46462161 0.717074
46474178 0.704101
46485843 0.707537
46497168 0.707932
46509385 0.714496
46520234 0.715616
46532977 0.731238
46545722 0.752306
46556797 0.743632
46569440 0.750388
46580391 0.746129
46591549 0.736981
46604515 0.765481
46617559 0.77885
46630176 0.782574
46641599 0.786799
46654904 0.765236
46666327 0.781491
46679618 0.773755
46692412 0.798518
46703685 0.783898
46717135 0.762685
46731066 0.796743
46742339 0.795205
46753517 0.798814
46766496 0.790314
46780449 0.793039
46793710 0.812952
46807077 0.793751
46820474 0.78371
46831913 0.806314
46844931 0.808792
46858006 0.811789
46871890 0.820112
46885607 0.791697
46899061 0.788874
46910632 0.802438
46922407 0.776781
46933863 0.796531
46947460 0.79115
46958469 0.795433
46971934 0.771763
46984043 0.779198
46995087 0.761565
47007799 0.761108
47019680 0.763842
47031357 0.78304
47043938 0.75316
47057270 0.748978
47069967 0.76593
47083855 0.783757
47097067 0.783366
47109333 0.767699
47120386 0.761257
47131759 0.750832
47142516 0.745613
47155575 0.76372
47168224 0.765353
47179266 0.760461
47191971 0.765541
47205448 0.759912
47218589 0.763981
47231791 0.764757
47244899 0.749094
47257950 0.74115
47269739 0.760199
47281356 0.724511
47293261 0.741221
47305329 0.720504
47318775 0.706743
47329910 0.716839
47342539 0.720842
47355591 0.73208
47365777 0.744606
47377662 0.734675
47390773 0.757664
47403476 0.757276
47415501 0.732818
47426318 0.729397
47437122 0.717661
47448134 0.71929
47460377 0.728558
47473878 0.751554
47486971 0.748044
47499349 0.749046
47511818 0.737036
47523121 0.726715
47534598 0.718425
47547271 0.735152
47558623 0.763188
47569813 0.735725
47580591 0.768543
47593995 0.763013
47605022 0.760592
47618906 0.761614
47631882 0.775009
47642814 0.798128
47653502 0.786707
47665975 0.767897
47678405 0.784402
47691715 0.759445
47703053 0.740332
47716272 0.747212
47727458 0.757268
47740748 0.749876
47754152 0.737338
47765877 0.738557
47776690 0.743936
47789665 0.753177
47800825 0.712973
47812013 0.703056
47822759 0.69807
47835418 0.706642
47848235 0.719093
47859364 0.726696
47871340 0.725139
47882613 0.733154
47893865 0.719781
47904855 0.729048
47917245 0.717098
47930377 0.723309
47943319 0.716566
47956344 0.688849
47969022 0.689311
47981545 0.702893
47992370 0.721973
48003182 0.731966
48015257 0.734284
48026011 0.734409
48036206 0.733949
48048640 0.727109
48061121 0.734261
48072877 0.735095
48084985 0.730209
48095875 0.722037
48106943 0.721669
48117718 0.738836
48128629 0.747615
48141280 0.768645
48152666 0.767616
48165736 0.763785
48177862 0.766819
48191316 0.77128
48204305 0.784805
48217716 0.796787
48230296 0.809642
48241098 0.821956
48252009 0.805871
48264497 0.788409
48276745 0.775144
48287734 0.766911
48298475 0.777678
48309540 0.763524
48320516 0.753497
48330967 0.729895
48341222 0.728714
48354285 0.733553
48367621 0.743031
48380306 0.737273
48392986 0.729884
48406068 0.724086
48416700 0.725783
48429618 0.724344
48442862 0.740372
48453371 0.744222
48464775 0.752527
48476102 0.765082
48489804 0.749785
48502189 0.738269
48515161 0.748194
48526116 0.736838
48538354 0.74639
48549671 0.716209
48560445 0.70852
48571243 0.691233
48583446 0.710404
48595916 0.728748
48608582 0.698443
48621461 0.734865
48631819 0.741109
48642508 0.732234
48654976 0.727336
48665492 0.725274
48676505 0.721348
48687544 0.719478
48700159 0.713936
48712227 0.705675
48724944 0.728486
48736474 0.728059
48747881 0.736838
48760225 0.748061
48771158 0.760815
48783841 0.755986
48794734 0.735407
48807440 0.726509
48820120 0.744994
48832202 0.745078
48844776 0.755276
48858245 0.759105
48871259 0.767602
48884110 0.76549
48895092 0.723077
48905947 0.71456
48918926 0.716198
48931386 0.675557
48942388 0.689101
48954680 0.6884
48966216 0.711204
48978890 0.717143
48991712 0.742227
49004446 0.741527
49017202 0.746329
49030477 0.759598
49041887 0.744209
49054903 0.773969
49067923 0.770194
49079622 0.788748
49092932 0.779326
49105665 0.77502
49118084 0.757187
49131858 0.7673
49144976 0.754466
49157567 0.747262
49169393 0.739181
49182542 0.731044
49195728 0.723332
49208875 0.729771
49221165 0.741552
49232535 0.754135
49245667 0.777617
49256733 0.767369
49267559 0.762123
49279975 0.765611
49292420 0.780226
49304648 0.775002
49316990 0.773959
49329897 0.777728
49343557 0.796686
49354518 0.807979
49367487 0.805525
49380717 0.812217
49394003 0.799173
49405975 0.787154
49417753 0.785106
49428816 0.771543
49440931 0.789533
49451925 0.784908
49463362 0.782368
49476492 0.765785
49489388 0.788984
49500379 0.785085
49513172 0.78034
49524945 0.777199
49538921 0.771197
49552036 0.767203
49564746 0.774278
49575999 0.760178
49588692 0.77401
49600532 0.784868
49612906 0.787928
49624324 0.789062
49636359 0.801762
49649202 0.787188
49662507 0.790784
49675757 0.793729
49686579 0.785353
49699358 0.786222
49710681 0.804701
49721685 0.814465
49732862 0.812646
49744229 0.82071
49754995 0.782416
49768278 0.812113
49779560 0.776374
49792040 0.787821
49805395 0.771779
49818246 0.777534
49830471 0.778137
49842495 0.786026
49854951 0.773146
49866793 0.760492
49879855 0.757547
49891274 0.764391
49903448 0.767151
49913883 0.759493
49924689 0.750513
49937109 0.728939
49949278 0.722091
49959848 0.710856
49971209 0.707623
49984543 0.705844
49995679 0.703631
50006715 0.71268
50017250 0.686063
50027686 0.681153
50039029 0.674995
50049960 0.695019
50060931 0.688459
50072662 0.697237
50084724 0.693334
50096622 0.682082
50107289 0.685501
50117797 0.656044
50128923 0.658207
50141502 0.648644
50153786 0.67052
50164498 0.714571
50175787 0.715091
50188131 0.704952
50198901 0.718603
50209692 0.725801
50223214 0.738657
50235534 0.736149
50248045 0.721424
50261016 0.70672
50271831 0.742687
50282579 0.746171
50293378 0.740917
50304096 0.744988
50315272 0.735393
50327257 0.72525
50340555 0.709771
50353636 0.734449
50367074 0.728936
50378372 0.748947
50391013 0.7344
50402106 0.751224
50413313 0.733848
50425826 0.75606
50437025 0.752156
50448889 0.757216
50460437 0.759808
50473661 0.765869
50487387 0.777298
50500417 0.784635
50512432 0.772093
50523115 0.783384
50533819 0.786745
50546353 0.798777
50558770 0.801547
50572209 0.814451
50585998 0.819708
50598397 0.822896
50610277 0.815369
50623826 0.832541
50636582 0.808271
50650491 0.811684
50663816 0.811637
50675396 0.807023
50686946 0.805872
50699081 0.787596
50712726 0.784787
50725776 0.758248
50738486 0.755854
50751822 0.764091
50763749 0.757627
50776651 0.765741
50789501 0.770502
50800043 0.774416
50811250 0.786653
50823923 0.765537
50836441 0.761375
50848074 0.777918
50861696 0.768283
50872712 0.786385
50885992 0.745621
50897509 0.764289
50910683 0.780786
50923489 0.772533
50935901 0.748178
50946917 0.741501
50960168 0.755966
50971076 0.760874
50984065 0.772974
50994373 0.760246
51005049 0.763107
51018307 0.751253
51029621 0.763209
51041304 0.737573
51051887 0.735863
51062780 0.738748
51073569 0.745909
51086587 0.738301
51099840 0.729569
51110467 0.729789
51122062 0.738208
51133734 0.748424
51146936 0.74137
51158079 0.766614
51170189 0.75161
51181616 0.755923
51193580 0.738459
51204111 0.720169
51214843 0.737629
51227596 0.737003
51238232 0.727349
51250817 0.746879
51264103 0.752811
51276264 0.731915
51288931 0.704128
51300790 0.705042
51312155 0.694985
51322462 0.716056
51334670 0.714564
51347424 0.731317
51360389 0.726229
51371747 0.747768
51384585 0.750013
51398342 0.731718
51411703 0.757935
51424735 0.732567
51435663 0.739344
51448923 0.721384
51459716 0.719683
51470340 0.713391
51481184 0.70487
51493988 0.754541
51505745 0.755563
51518572 0.749733
51531303 0.754288
51542104 0.740027
51555076 0.746937
51568057 0.76781
51579582 0.761825
51591006 0.767913
51604087 0.767771
51617229 0.768623
51628386 0.778894
51641212 0.761608
51654789 0.749274
51668275 0.776181
51679446 0.754211
51693057 0.763807
51706187 0.768133
51717835 0.776671
51730900 0.7639
51743279 0.761352
51754983 0.754493
51767793 0.746298
51780454 0.747746
51792890 0.751147
51806571 0.758158
51818923 0.733285
51831567 0.726754
51842566 0.709857
51852848 0.707971
51864668 0.70777
51877302 0.724861
51888983 0.735913
51901849 0.762463
51912521 0.756202
51924319 0.746385
51937090 0.7507
51949376 0.743556
51960703 0.740316
51971890 0.737658
51982855 0.741213
51996085 0.735558
52008353 0.747588
52019135 0.752445
52032244 0.7495
52043788 0.738933
52056208 0.727484
52069153 0.745053
52082383 0.746795
52094612 0.743343
52105207 0.741275
52115866 0.733633
52127281 0.725033
52138131 0.750714
52149160 0.744427
52160048 0.7426
52171054 0.741738
52183798 0.746941
52195218 0.753291
52207424 0.744981
52220313 0.728634
52233421 0.732399
52245897 0.749391
52257395 0.752259
52269214 0.767367
52281864 0.767518
52295208 0.750661
52306323 0.744642
52317264 0.753577
52328001 0.752934
52340879 0.75932
52353484 0.772683
52366755 0.772278
52379974 0.783025
52393075 0.774108
52406684 0.7731
52419666 0.787969
52431784 0.758129
52445419 0.758358
52457035 0.756743
52468642 0.770364
52480330 0.77371
52493736 0.77636
52505055 0.786638
52517042 0.789006
52530394 0.768946
52543711 0.776611
52556108 0.789926
52569049 0.790043
52581358 0.774653
52592671 0.766131
52605712 0.770933
52619325 0.771607
52632101 0.755746
52643540 0.77116
52656509 0.782808
52668429 0.77489
52680498 0.768564
52694083 0.742822
52707253 0.751945
52719895 0.748419
52733087 0.767209
52745969 0.76591
52757864 0.790082
52771191 0.790104
52783561 0.800684
52796098 0.761022
52806562 0.757932
52818900 0.754692
52831782 0.754913
52844835 0.751482
52855945 0.759688
52868534 0.763111
52881446 0.759506
52893875 0.763182
52906209 0.748798
52917831 0.7383
52930976 0.727203
52943418 0.715823
52954353 0.723783
52967125 0.722798
52980585 0.740225
52992091 0.722047
53002759 0.729308
53013979 0.74086
53025007 0.753449
53036822 0.734591
53048599 0.743761
53059671 0.749835
53070491 0.745094
53083505 0.7532
53094811 0.758985
53107011 0.744477
53118089 0.736436
53131248 0.716271
53143717 0.718405
53155995 0.693585
53167525 0.712333
53178418 0.700148
53190943 0.710897
53202609 0.723285
53214156 0.74589
53224918 0.744061
53235492 0.75577
53247392 0.77399
53261004 0.789141
53273440 0.795229
53286431 0.799273
53299215 0.792046
53310323 0.788892
53321237 0.784989
53333574 0.770206
53346894 0.794746
53357745 0.800409
53369645 0.791104
53380689 0.809885
53392545 0.801392
53405707 0.814049
53418935 0.80183
53430950 0.799855
53443456 0.798058
53454587 0.786016
53465384 0.792036
53476452 0.773884
53489752 0.756461
53503013 0.794054
53513515 0.769062
53524083 0.771741
53536898 0.766486
53549214 0.766549
53562191 0.770392
53574232 0.778175
53585703 0.767112
53599211 0.757697
53612287 0.744926
53624326 0.692667
53634795 0.686838
53645442 0.68251
53656970 0.714644
53667684 0.684011
53679793 0.6902
53690402 0.711664
53702843 0.721884
53715468 0.714308
53726449 0.701122
53738983 0.686178
53749596 0.706378
53760132 0.696494
53771204 0.688262
53783750 0.69434
53796025 0.701747
53808056 0.70916
53821436 0.737677
53834563 0.760953
53848100 0.749041
53859023 0.742841
53870066 0.761963
53881324 0.770904
53891526 0.761273
53902868 0.747976
53914485 0.758273
53925779 0.768959
53937391 0.752607
53948705 0.769039
53960030 0.770548
53973325 0.773529
53986465 0.768627
53999177 0.763279
54012234 0.746003
54025309 0.771264
54038518 0.772215
54051417 0.77787
54062666 0.776319
54074144 0.775661
54085503 0.741017
54097528 0.744239
54109834 0.7384
54122667 0.75009
54133528 0.767938
54145405 0.741001
54156078 0.739404
54168303 0.713902
54180896 0.723323
54191649 0.715344
54202107 0.71794
54212782 0.752754
54224387 0.729969
54235941 0.737143
54247074 0.729516
54259541 0.713011
54272183 0.707355
54284119 0.728241
54294909 0.746547
54307995 0.740724
54320654 0.732202
54331508 0.743769
54345041 0.769367
54356806 0.786264
54370156 0.767178
54380685 0.714309
54391085 0.697738
54401766 0.71893
54412728 0.71066
54423624 0.724579
54434253 0.731564
54445699 0.731065
54457546 0.741474
54470725 0.753019
54482822 0.739748
54493918 0.731515
54505162 0.736412
54516080 0.734285
54528453 0.742807
54541200 0.742124
54553925 0.728305
54566530 0.74552
54577313 0.748079
54588435 0.744865
54599822 0.749946
54612893 0.76835
54623623 0.769899
54635717 0.776582
54648741 0.783066
54660874 0.773337
54673837 0.760249
54684186 0.777307
54697221 0.779094
54709958 0.789406
54724137 0.79951
54737465 0.791247
54750493 0.783371
54763652 0.767173
54775321 0.762129
54787265 0.764655
54797839 0.748143
54810191 0.759852
54822725 0.770073
54834496 0.748712
54847698 0.729751
54860000 0.736813
54872743 0.743416
54885778 0.752286
54899059 0.745021
54910229 0.759876
54922193 0.752678
54933982 0.723421
54945006 0.717857
54955766 0.723713
54966474 0.742117
54978924 0.727375
54989617 0.736078
55000238 0.723419
55011853 0.721185
55024889 0.715877
55037515 0.712136
55048348 0.740394
55061969 0.718123
55074462 0.74235
55087288 0.717514
55098941 0.729623
55111973 0.729637
55124638 0.747609
55137974 0.753364
55150302 0.760967
55163306 0.769923
55176604 0.787291
55187678 0.79338
55198857 0.772097
55212074 0.753896
55222825 0.734137
55233317 0.746001
55244098 0.753384
55256708 0.720443
55269892 0.754656
55280654 0.758853
55292841 0.764686
55306248 0.77552
55319429 0.765583
55330311 0.75144
55341120 0.743453
55352145 0.746948
55365032 0.747058
55376108 0.752053
55387530 0.773247
55400230 0.763786
55412631 0.74046
55425803 0.748621
55438713 0.739479
55451181 0.745581
55461956 0.719686
55474668 0.710917
55485081 0.709744
55496956 0.72062
55507459 0.721333
55519286 0.723484
55531651 0.749096
55544340 0.757829
55554916 0.758486
55568559 0.753709
55580813 0.75231
55593719 0.746694
55604394 0.739111
55615507 0.717049
55628079 0.705761
55639456 0.71745
55652215 0.707808
55663324 0.726566
55674291 0.737474
55685212 0.74238
55695884 0.747182
55707089 0.746118
55717556 0.761498
55729471 0.76486
55741365 0.774606
55752206 0.766281
55763337 0.766366
55775130 0.773185
55789001 0.756587
55802380 0.758514
55815470 0.75176
55826795 0.733519
55838735 0.766622
55850456 0.749324
55861475 0.753556
55872509 0.727346
55885163 0.747479
55895807 0.730534
55908099 0.727959
55919062 0.71026
55929727 0.718577
55942236 0.723566
55953187 0.73407
55966483 0.732174
55977374 0.72436
55988142 0.709497
56001310 0.71418
56014781 0.701254
56025713 0.720548
56035952 0.708436
56047493 0.708063
56060550 0.7151
56073095 0.72906
56086889 0.725309
56098516 0.731789
56108951 0.728599
56121746 0.750962
56134835 0.752046
56148000 0.744807
56161733 0.735236
56173122 0.735437
56186293 0.743481
56197180 0.73751
56209675 0.733724
56222192 0.733983
56234464 0.712372
56246192 0.709222
56257022 0.729745
56267720 0.722768
56279237 0.711629
56290429 0.708345
56303579 0.684745
56315797 0.718286
56327828 0.721443
56341119 0.724441
56353747 0.730248
56366550 0.745366
56377587 0.751821
56391205 0.736952
56402538 0.750453
56415297 0.754595
56426628 0.740604
56437519 0.718571
56450201 0.726684
56461530 0.741452
56472581 0.727723
56483197 0.712387
56493911 0.689788
56504597 0.702268
56517109 0.723074
56527969 0.70509
56538836 0.720095
56549445 0.735222
56562345 0.749661
56575935 0.737263
56587648 0.743722
56599678 0.73814
56611050 0.740129
56623941 0.764692
56635368 0.771774
56648682 0.76968
56661238 0.769661
56673257 0.776516
56685576 0.786911
56698302 0.777966
56710766 0.771466
56723513 0.763716
56734193 0.754492
56744301 0.768615
56758095 0.772577
56770169 0.775515
56781038 0.791594
56792767 0.783215
56803536 0.783043
56814413 0.777597
56827074 0.772408
56840873 0.772055
56853582 0.770802
56866769 0.786171
56878816 0.793753
56891619 0.784657
56905413 0.794301
56918580 0.776193
56930669 0.742547
56941434 0.751067
56952529 0.748075
56965927 0.744381
56978458 0.743688
56989483 0.757131
57000193 0.753129
57012941 0.763502
57025108 0.754657
57038070 0.759186
57051042 0.773559
57063722 0.756392
57074441 0.74328
57085267 0.738455
57097890 0.737989
57108525 0.724565
57121809 0.733467
57132698 0.731853
57143087 0.734491
57155532 0.755777
57166436 0.747796
57179113 0.753778
57192433 0.751024
57205746 0.743982
57218350 0.766071
57231021 0.753304
57243605 0.760673
57256938 0.753663
57269429 0.746462
57280307 0.74434
57291296 0.748464
57302204 0.75979
57314759 0.765448
57327687 0.766206
57338989 0.768398
57350186 0.771012
57362402 0.760664
57372811 0.757625
57385003 0.764681
57398056 0.769289
57411537 0.759004
57422748 0.777832
57434752 0.787733
57448213 0.78062
57459352 0.770696
57470908 0.773759
57483711 0.752622
57497161 0.745001
57508346 0.751624
57518836 0.726689
57531987 0.718798
57543970 0.744026
57556800 0.734811
57569696 0.726424
57580661 0.723804
57593269 0.709428
57603911 0.740333
57614948 0.747713
57627870 0.755488
57640678 0.760228
57651790 0.765074
57664098 0.790387
57677069 0.789375
57689719 0.771038
57701390 0.778491
57714188 0.781268
57726077 0.766186
57739313 0.766555
57750523 0.76146
57760968 0.761196
57773765 0.768141
57787503 0.773294
57801031 0.762013
57814192 0.774058
57827568 0.79978
57840359 0.793417
57851319 0.78696
57864472 0.780824
57875243 0.792903
57886701 0.787327
57898617 0.78651
57909901 0.780516
57922454 0.770757
57935498 0.769021
57948365 0.771986
57961382 0.796284
57974016 0.803413
57985093 0.795529
57997710 0.795673
58009320 0.780356
58020158 0.742044
58030699 0.732977
58042844 0.737582
58054225 0.742057
58066010 0.742767
58078217 0.765966
58091272 0.761306
58104358 0.767942
58117327 0.735004
58128751 0.721926
58139466 0.736728
58152085 0.733153
58163134 0.702216
58173635 0.708398
58185491 0.701753
58197079 0.707874
58208186 0.718216
58221069 0.703848
58232250 0.731079
58244589 0.748829
58255409 0.760893
58266676 0.74853
58279294 0.724743
58290112 0.724716
58302731 0.730789
58315729 0.752362
58328275 0.7443
58341302 0.727934
58354752 0.751593
58367091 0.760786
58380729 0.774971
58391573 0.762589
58403428 0.770938
58414501 0.784214
58427356 0.767821
58440808 0.766473
58453797 0.764229
58465119 0.771517
58476078 0.772336
58487737 0.756239
58499859 0.732068
58510791 0.724626
58523680 0.737723
58537060 0.749875
58547804 0.74923
58559617 0.744047
58570588 0.744302
58581333 0.755521
58592429 0.761278
58603579 0.764409
58614846 0.780633
58626130 0.790227
58638692 0.789356
58650115 0.799783
58663768 0.792721
58675117 0.798599
58685861 0.783577
58698853 0.778507
58710082 0.772392
58722873 0.786753
58735706 0.783871
58747970 0.75666
58760661 0.744961
58773752 0.737704
58786218 0.748687
58799080 0.746269
58810377 0.726263
58821184 0.696379
58832137 0.683738
58844742 0.680993
58856231 0.697186
58867109 0.704173
58878783 0.721916
58891654 0.729257
58904982 0.726573
58917769 0.714512
58927962 0.717568
58938853 0.731702
58949625 0.719843
58960367 0.704346
58971573 0.722693
58982232 0.712086
58992504 0.702846
59004610 0.71739
59015342 0.710358
59026703 0.716
59039977 0.726417
59052696 0.705621
59063517 0.714446
59073919 0.731975
59086908 0.741434
59098455 0.731183
59110216 0.74498
59121069 0.751185
59132446 0.748468
59143579 0.758397
59154858 0.775847
59165913 0.772002
59178991 0.767118
59190457 0.760665
59202421 0.755651
59213190 0.735309
59223875 0.736128
59235038 0.751467
59246120 0.757206
59257108 0.747371
59268485 0.754464
59280179 0.769974
59293190 0.772559
59305295 0.769651
59318994 0.742653
59331734 0.754555
59344692 0.747368
59355891 0.756505
59368888 0.744536
59380137 0.740857
59391696 0.726965
59402879 0.721923
59413884 0.714892
59424888 0.724274
59435997 0.722301
59447073 0.728248
59459622 0.720703
59472366 0.740856
59484045 0.758459
59496667 0.765658
59509946 0.756231
59523274 0.724717
59535861 0.750374
59549111 0.743535
59561646 0.726219
59573136 0.717803
59586218 0.688602
59599143 0.733646
59611559 0.7458
59624102 0.726824
59636782 0.732522
59649979 0.762703
59662442 0.768258
59675422 0.774486
59687725 0.783622
59700806 0.78291
59712673 0.78871
59724601 0.768913
59737794 0.774107
59750979 0.75799
59764238 0.761843
59775255 0.774871
59788274 0.777545
59801678 0.795605
59814989 0.805119
59828167 0.789369
59841389 0.769329
59853930 0.799516
59865393 0.804201
59878330 0.812745
59889720 0.805737
59903161 0.787468
59914409 0.757926
59925333 0.793764
59936280 0.793044
59947303 0.749486
59959634 0.748852
59972499 0.746896
59985219 0.759125
59998070 0.778899
60011204 0.77817
60024496 0.782338
60037183 0.783807
60048740 0.784711
60061875 0.788933
60074620 0.776682
60085738 0.799255
60098470 0.803937
60110498 0.813343
60122199 0.810158
60135674 0.822413
60146523 0.800377
60157410 0.802971
60170442 0.805564
60183532 0.790002
60196418 0.816361
60209468 0.813613
60222858 0.809298
60233638 0.790316
60247153 0.772497
60258089 0.773843
60270625 0.769035
60283756 0.790344
60296506 0.794988
60309441 0.783451
60323044 0.784923
60335750 0.776049
60346975 0.787103
60359296 0.775182
60373035 0.782171
60383865 0.801615
60394869 0.793359
60408401 0.798574
60419832 0.800811
60431610 0.794828
60444671 0.783198
60455759 0.795464
60467410 0.803425
60480611 0.776029
60493036 0.764504
60505442 0.761139
60516381 0.778125
60528486 0.77311
60541372 0.769472
60553877 0.773998
60566760 0.769479
60580230 0.769244
60590939 0.773955
60601913 0.774943
60614357 0.764754
60625971 0.768537
60636609 0.751097
60647837 0.756751
60658096 0.749321
60670667 0.722188
60681130 0.7257
60693384 0.706949
60706019 0.729933
60717595 0.712018
60728604 0.717214
60741276 0.726056
60751904 0.710684
60765188 0.730825
60778022 0.731298
60790907 0.761009
60803343 0.763729
60816422 0.776815
60828907 0.798984
60841491 0.793084
60854642 0.795666
60865474 0.787514
60877696 0.777856
60888614 0.774722
60899853 0.775125
60911182 0.789666
60924028 0.800996
60937103 0.801815
60949884 0.798296
60962818 0.791625
60975209 0.79882
60988694 0.772611
61001417 0.747501
61014055 0.759606
61024929 0.743878
61035619 0.752016
61046018 0.737323
61058520 0.731533
61072298 0.735613
61084447 0.734685
61095051 0.750531
61106044 0.780454
61117666 0.782412
61130116 0.779506
61142764 0.773186
61153885 0.764998
61165574 0.755303
61176992 0.755698
61188808 0.731664
61201773 0.734295
61212702 0.734783
61225311 0.74494
61237041 0.7259
61247657 0.720792
61258411 0.75912
61271114 0.752396
61281873 0.752973
61294546 0.7583
61305046 0.735176
61315910 0.737642
61326354 0.740667
61336640 0.732699
61347772 0.733929
61359642 0.720683
61370427 0.723966
61383023 0.731843
61395716 0.742261
61406669 0.739008
61419221 0.747198
61429952 0.744114
61440781 0.755735
61451919 0.772569
61463049 0.749693
61473946 0.754445
61484832 0.735409
61495493 0.730506
61508425 0.735609
61518835 0.73472
61529870 0.717291
61542556 0.729018
61553679 0.739838
61566510 0.735663
61579436 0.759217
61592264 0.741484
61605321 0.741588
61618341 0.757603
61629464 0.744859
61639993 0.775253
61651638 0.783466
61664454 0.78168
61677002 0.765354
61689857 0.756282
61703195 0.74773
61714163 0.756213
61724794 0.716766
61737598 0.720466
61748795 0.699472
61759886 0.693542
61770963 0.695354
61784197 0.724868
61796633 0.7227
61807030 0.742135
61817847 0.743183
61830951 0.697293
61843442 0.737252
61856527 0.746886
61867161 0.765099
61878260 0.771174
61891069 0.758878
61902999 0.755005
61915906 0.765049
61926927 0.762996
61939666 0.733417
61952329 0.728852
61962856 0.755449
61975286 0.757574
61988400 0.779879
62001678 0.774292
62014086 0.782528
62024888 0.788974
62036007 0.790595
62047550 0.778129
62061269 0.77058
62074886 0.784366
62088199 0.799953
62099846 0.798181
62112851 0.81218
62125270 0.799047
62138445 0.804294
62152114 0.80774
62165358 0.823327
62178801 0.806202
62191750 0.802788
62205022 0.816102
62218046 0.797999
62230841 0.788948
62243167 0.776203
62254246 0.753888
62267475 0.752853
62278892 0.733695
62291944 0.726419
62302905 0.723092
62315290 0.750457
62328004 0.749977
62341049 0.7331
62354398 0.747173
62365828 0.715054
62377613 0.710075
62390506 0.680583
62402118 0.698725
62413316 0.725796
62424901 0.748309
62436424 0.73534
62447571 0.726622
62459963 0.71488
62471025 0.708283
62483760 0.719269
62497005 0.743576
62507834 0.736412
62520153 0.737609
62531412 0.74455
62544154 0.731639
62555443 0.71634
62566481 0.73917
62577263 0.750059
62589942 0.78115
62602292 0.76386
62615669 0.746786
62626962 0.731493
62639708 0.741431
62653128 0.740978
62666510 0.748954
62679386 0.752651
62692529 0.737307
62705973 0.726189
62717069 0.741835
62729263 0.736219
62742765 0.73565
62756366 0.733362
62766904 0.749468
62779478 0.750837
62791177 0.746066
62804970 0.764705
62817733 0.786084
62828743 0.76931
62841954 0.770668
62855009 0.756928
62867709 0.752152
62880117 0.755571
62891983 0.776449
62902464 0.775109
62913356 0.763937
62924109 0.778157
62937739 0.751532
62948712 0.750493
62959368 0.745076
62971684 0.753414
62984095 0.720547
62995978 0.740358
63009400 0.758529
63022043 0.769123
63033303 0.761995
63044230 0.755583
63057444 0.755398
63070298 0.753162
63083016 0.754781
63095949 0.748515
63108118 0.767055
63121065 0.767316
63134161 0.776145
63145921 0.767663
63158766 0.780582
63169808 0.792508
63183495 0.791241
63197051 0.804156
63210132 0.760045
63223344 0.755741
63233890 0.783517
63245576 0.765081
63258197 0.749183
63270508 0.771576
63283170 0.773415
63293503 0.765913
63307010 0.766848
63319888 0.766755
63333361 0.741124
63344722 0.753478
63356104 0.739299
63368092 0.751758
63380496 0.743416
63391210 0.753145
63402053 0.751337
63414807 0.741234
63427682 0.727946
63438483 0.718318
63449520 0.706799
63460341 0.716862
63474031 0.725902
63485278 0.726258
63498157 0.739537
63508833 0.736192
63521417 0.730378
63534263 0.73223
63547683 0.74754
63560874 0.756972
63573789 0.766317
63586351 0.771553
63598812 0.780807
63611868 0.784951
63623251 0.764539
63634902 0.771537
63646604 0.773096
63659807 0.803276
63673112 0.765986
63686509 0.781342
63697720 0.790593
63710169 0.771509
63723395 0.770904
63736051 0.767678
63749263 0.760577
63761279 0.757936
63775160 0.740584
63785941 0.758326
63799111 0.757931
63812600 0.765148
63825282 0.766853
63836880 0.745777
63848012 0.757229
63860942 0.740398
63873650 0.732033
63886642 0.752466
63897186 0.742515
63909838 0.758004
63921098 0.762698
63934342 0.767972
63945112 0.788023
63957619 0.782065
63968389 0.778636
63979013 0.775368
63990031 0.759703
64001244 0.751856
64011917 0.753892
64022941 0.75275
64035326 0.731215
64047159 0.763886
64057889 0.743919
64070331 0.768355
64081083 0.767329
64092036 0.768379
64103262 0.750549
64113795 0.745186
64125759 0.728824
64138500 0.721604
64152157 0.744469
64163679 0.771073
64176131 0.774142
64188972 0.765062
64201899 0.751319
64214014 0.744353
64226931 0.752678
64238076 0.758778
64250691 0.748077
64262622 0.731512
64275857 0.727473
64286373 0.720967
64299566 0.73486
64311162 0.736466
64321420 0.753525
64334273 0.758814
64345137 0.768792
64357509 0.762544
64368594 0.746423
64379344 0.757076
64392480 0.743842
64404196 0.75285
64416106 0.740296
64428754 0.742697
64440770 0.738173
64453969 0.746361
64467307 0.740848
64480664 0.721408
64493388 0.721987
64506937 0.707466
64517571 0.71629
64530137 0.70803
64542287 0.73281
64553310 0.73426
64565729 0.714845
64577033 0.726453
64588091 0.735104
64599008 0.753617
64611887 0.753426
64623333 0.780955
64634841 0.763385
64645837 0.788799
64658454 0.773208
64671520 0.777444
64682633 0.762392
64693604 0.738062
64706165 0.731315
64719433 0.750237
64731964 0.734539
64742640 0.737501
64753639 0.731942
64764216 0.73917
64776785 0.712376
64788100 0.704249
64800880 0.73511
64813646 0.713025
64826064 0.740308
64839240 0.736212
64852636 0.757353
64865776 0.770406
64878753 0.769989
64889772 0.77117
64903274 0.784427
64915776 0.793506
64929640 0.784371
64939801 0.782602
64953238 0.76281
64964226 0.764156
64977467 0.791209
64989810 0.79491
65003102 0.792387
65016905 0.788979
65030643 0.792357
65042559 0.770248
65055537 0.782704
65067246 0.779258
65079549 0.774312
65091007 0.779768
65104683 0.787392
65115939 0.775894
65128507 0.769289
65141157 0.758903
65154377 0.782817
65167231 0.7872
65179420 0.794853
65192273 0.820952
65205178 0.823433
65217433 0.814417
65230220 0.804491
65242847 0.811681
65255969 0.801759
65269370 0.798608
65283003 0.805561
65296382 0.784877
65309119 0.789109
65322035 0.799679
65335018 0.791021
65349197 0.765469
65361848 0.755142
65375413 0.748897
65386313 0.752457
65397436 0.745784
65408937 0.729717
65421777 0.711712
65432553 0.710699
65442988 0.734437
65453633 0.73124
65466058 0.735407
65478916 0.733338
65491736 0.694226
65502850 0.697655
65515014 0.698172
65528368 0.710601
65541320 0.713393
65554665 0.717708
65565834 0.733708
65576531 0.733529
65586916 0.735474
65599100 0.725814
65610189 0.724342
65621461 0.731235
65634806 0.731894
65645603 0.733791
65658814 0.741298
65669446 0.745449
65682563 0.730286
65693490 0.709491
65704475 0.728903
65715205 0.748563
65727443 0.734502
65740370 0.731883
65751231 0.744275
65764420 0.760515
65775093 0.766483
65786250 0.763381
65796504 0.745745
65807690 0.765014
65821143 0.7562
65833642 0.741611
65845569 0.741802
65858835 0.751269
65871453 0.750596
65882319 0.737588
65894256 0.73725
65907536 0.731841
65918724 0.754455
65929964 0.766152
65940781 0.766677
65953251 0.753292
65965240 0.761924
65978856 0.763231
65991460 0.768937
66003795 0.742929
66016728 0.740536
66029470 0.755631
66041068 0.741358
66054749 0.749945
66065588 0.725765
66077179 0.726935
66087943 0.741619
66098794 0.741943
66109794 0.753304
66121613 0.74668
66132344 0.749749
66143004 0.747758
66155227 0.741441
66167452 0.722126
66178120 0.732859
66188907 0.727887
66201754 0.722048
66213924 0.720981
66225794 0.712791
66236557 0.745925
66247775 0.743397
66258782 0.731656
66270493 0.737939
66281195 0.739789
66292284 0.729733
66304595 0.724589
66317169 0.737145
66329676 0.756488
66342567 0.740524
66354941 0.746949
66367551 0.757207
66379702 0.769475
66390829 0.759913
66404212 0.744584
66415224 0.764948
66428208 0.757443
66441156 0.742436
66454781 0.746411
66467740 0.786264
66481013 0.796748
66492399 0.793741
66504019 0.777474
66517215 0.763389
66528311 0.766264
66540965 0.771995
66553848 0.77551
66565700 0.778966
66578781 0.774693
66589677 0.777226
66601492 0.754788
66614542 0.755964
66627733 0.729607
66639009 0.737324
66650798 0.736702
66661690 0.727003
66672626 0.748417
66683841 0.757886
66696754 0.746152
66708745 0.735338
66720306 0.732362
66733955 0.720822
66745406 0.71698
66756481 0.725562
66767868 0.713167
66780932 0.731232
66792985 0.739674
66803700 0.754167
66817255 0.754666
66830229 0.7694
66842869 0.777395
66854048 0.770674
66867897 0.776254
66879834 0.776208
66893203 0.780434
66904380 0.78536
66917850 0.780778
66928545 0.799471
66941237 0.802944
66953052 0.816215
66967127 0.813433
66981335 0.808713
66995104 0.807515
67008301 0.815055
67021763 0.816616
67035203 0.806333
67047620 0.791514
67059067 0.77108
67072474 0.783812
67083555 0.792395
67094666 0.792082
67108027 0.766499
67120916 0.790033
67132575 0.792904
67146265 0.767281
67159889 0.751726
67172650 0.754474
67183629 0.749796
67194624 0.765118
67205780 0.75683
67218881 0.747151
67232426 0.734635
67244719 0.761925
67257799 0.768275
67271198 0.759251
67283309 0.754977
67295571 0.751333
67306428 0.764661
67317518 0.746643
67330032 0.742841
67341416 0.741006
67354202 0.748881
67364764 0.754258
67375550 0.74149
67388014 0.747695
67399412 0.749689
67412317 0.733707
67425239 0.741685
67437950 0.733082
67450590 0.742253
67463475 0.733906
67475471 0.733811
67487639 0.729893
67499926 0.723584
67512833 0.751997
67524153 0.753884
67535701 0.753846
67546538 0.762318
67560138 0.768861
67573565 0.772652
67587196 0.785769
67600534 0.782338
67611654 0.777957
67624983 0.784158
67635997 0.77617
67647616 0.771988
67660377 0.764543
67673455 0.763031
67686605 0.772304
67697565 0.778588
67709309 0.753849
67721514 0.755048
67733608 0.784153
67746679 0.781851
67757889 0.780799
67768473 0.774821
67781403 0.764234
67794344 0.771409
67805042 0.777668
67818022 0.772046
67831780 0.77825
67842845 0.741833
67855280 0.761784
67868709 0.772801
67882314 0.784301
67896066 0.787263
67909428 0.788278
67923013 0.782599
67933911 0.772071
67945399 0.759329
67958947 0.775187
67970081 0.784139
67982573 0.778007
67993696 0.764424
68006708 0.751388
68020248 0.775242
68031198 0.796461
68042606 0.786609
68053235 0.771094
68066399 0.784181
68079880 0.776204
68093201 0.775536
68105316 0.762764
68117768 0.752261
68131115 0.75042
68144031 0.740343
68156604 0.752407
68169461 0.754785
68181065 0.738186
68191978 0.751126
68202621 0.72653
68215650 0.725765
68229046 0.746121
68242426 0.754263
68255403 0.752988
68268103 0.726657
68279136 0.707546
68292616 0.709623
68305193 0.744937
68318160 0.745058
68330927 0.738194
68341560 0.728106
68354085 0.711225
68366707 0.714523
68377663 0.715387
68390821 0.702043
68403594 0.690008
68415462 0.69754
68427737 0.707232
68438623 0.715118
68451442 0.729792
68462809 0.720336
68474115 0.727255
68486385 0.740291
68496773 0.749074
68509002 0.732803
68519932 0.740473
68530884 0.736462
68543557 0.72433
68556824 0.728575
68568106 0.743039
68579094 0.751296
68590026 0.762715
68601318 0.76904
68612416 0.765722
68625159 0.731319
68636180 0.725468
68647556 0.732168
68659788 0.706262
68670522 0.730122
68683815 0.727034
68694941 0.730396
68705411 0.719827
68716309 0.730108
68728989 0.730058
68740328 0.738795
68751157 0.748435
68762343 0.727295
68775277 0.720927
68785972 0.71799
68796552 0.71609
68809394 0.732444
68822565 0.725665
68835198 0.735584
68845992 0.738982
68858937 0.726023
68871778 0.718731
68884426 0.711708
68895613 0.733993
68906058 0.727339
68918364 0.707305
68929336 0.710742
68939526 0.717822
68952164 0.730757
68964416 0.740987
68975415 0.739528
68987554 0.745028
68999794 0.730877
69010331 0.740705
69021177 0.733855
69033998 0.748815
69044730 0.736525
69055613 0.734489
69066576 0.74415
69077994 0.758995
69090071 0.754385
69103499 0.738496
69115635 0.756268
69128814 0.772705
69139692 0.776745
69152236 0.777238
69165582 0.774327
69177439 0.768047
69190478 0.763092
69203921 0.774202
69217423 0.777803
69229436 0.777023
69242138 0.781382
69255361 0.782098
69268600 0.7657
69279620 0.753815
69291977 0.734342
69305611 0.740521
69318903 0.760289
69330105 0.741296
69341380 0.755132
69354514 0.744287
69367749 0.75173
69378539 0.745632
69391020 0.744001
69403573 0.738156
69416656 0.739755
69429841 0.741224
69440726 0.749478
69452665 0.778528
69465445 0.763871
69478327 0.793648
69491215 0.771541
69504285 0.777463
69516085 0.783577
69527064 0.760358
69539700 0.761648
69552512 0.765823
69566050 0.774161
69578400 0.755345
69590830 0.742296
69601353 0.731518
69612259 0.736165
69625711 0.720484
69638261 0.715114
69650772 0.691113
69663756 0.701059
69674972 0.725362
69685397 0.72663
69696351 0.72054
69708049 0.717846
69720611 0.739544
69732476 0.734191
69745275 0.747089
69757156 0.739005
69770579 0.770979
69784107 0.790296
69795694 0.769548
69808381 0.78521
69819702 0.794561
69832726 0.78586
69843640 0.775659
69857004 0.763504
69868503 0.756773
69879394 0.763351
69890245 0.772068
69903344 0.755414
69915256 0.752833
69926089 0.745725
69938501 0.733264
69951684 0.747159
69963176 0.728738
69974209 0.72161
69984819 0.723719
69995939 0.733327
70006881 0.737521
70018341 0.748519
70031746 0.730205
70042646 0.740587
70053254 0.733204
70064178 0.728899
70076357 0.750852
70089139 0.736087
70102061 0.740662
70114857 0.743465
70127814 0.75451
70139797 0.755331
70151113 0.739382
70163766 0.742356
70176295 0.752577
70188002 0.718692
70198226 0.70772
70209196 0.709077
70220984 0.716495
70233609 0.72176
70246014 0.736294
70256472 0.738744
70267426 0.72098
70279892 0.707363
70292582 0.72941
70304885 0.759643
70315446 0.737451
70326070 0.733671
70336767 0.726426
70349735 0.729628
70360336 0.731211
70373732 0.740522
70386690 0.72549
70399274 0.707692
70411482 0.677477
70424063 0.688167
70436154 0.681857
70446610 0.683208
70457509 0.697462
70470575 0.728525
70482155 0.72462
70493365 0.71231
70506461 0.69999
70519594 0.722709
70529898 0.718709
70542720 0.730928
70554336 0.74959
70567365 0.731516
70578139 0.739419
70591314 0.763414
70602230 0.769345
70614320 0.777479
70626350 0.751002
70638560 0.75047
70651304 0.756743
70662969 0.754872
70675086 0.742035
70687764 0.734695
70699228 0.725413
70712142 0.743736
70724679 0.750017
70735213 0.734073
70746476 0.75836
70758754 0.758484
70771235 0.749586
70784417 0.752528
70796188 0.723954
70807124 0.718219
70818448 0.713877
70831333 0.700663
70842382 0.711194
70854771 0.712853
70867553 0.723027
70879791 0.740142
70890568 0.744952
70903530 0.734664
70916321 0.745011
70928848 0.749059
70940344 0.74196
70951834 0.730836
70963247 0.744508
70973866 0.730573
70984628 0.737719
70997136 0.733687
71009881 0.738746
71022147 0.739334
71035770 0.73712
71048224 0.753751
71060788 0.751602
71071224 0.749326
71081703 0.751952
71093939 0.731952
71104328 0.750518
71116859 0.753535
71127602 0.74058
71138303 0.729986
71148887 0.732939
71160045 0.734012
71172821 0.732623
71186087 0.717309
71199883 0.708147
71212216 0.722949
71222938 0.737492
71234478 0.748436
71245417 0.754458
71257590 0.762375
71269519 0.77336
71280524 0.776194
71291467 0.754701
71301649 0.769374
71312855 0.781139
71324906 0.775801
71337276 0.771093
71350137 0.766255
71362611 0.739638
71375321 0.756913
71387526 0.769175
71400591 0.767267
71411683 0.766087
71423992 0.791206
71435046 0.788585
71445778 0.781178
71458590 0.779208
71471579 0.779445
71482550 0.767792
71495810 0.750853
71507019 0.775291
71518103 0.783573
71531046 0.776786
71543138 0.742915
71556743 0.765744
71569824 0.783973
71582564 0.795489
71594405 0.766548
71604997 0.7558
71615804 0.769743
71628679 0.784566
71640475 0.777312
71653835 0.768848
71667254 0.769769
71680757 0.77676
71694018 0.779367
71705056 0.77
71718028 0.760015
71730025 0.767363
71741354 0.762253
71754922 0.767197
71767686 0.754128
71780779 0.774943
71791965 0.7548
71803612 0.740117
71816699 0.729724
71828988 0.739739
71840322 0.738655
71851153 0.730742
71861726 0.741502
71873781 0.752947
71886482 0.751826
71898928 0.75887
71909895 0.755539
71922193 0.777894
71934041 0.770249
71946435 0.785819
71960306 0.761605
71970338 0.774125
71982926 0.762955
71996053 0.772313
72008457 0.74963
72019880 0.772176
72031775 0.787969
72043227 0.810887
72056522 0.789666
72069713 0.782564
72083143 0.782185
72095938 0.791633
72109092 0.781805
72122376 0.800734
72135585 0.798387
72149272 0.789438
72160832 0.777629
72173323 0.766538
72184807 0.757992
72197757 0.749429
72211004 0.742415
72224367 0.760667
72237952 0.717435
72250213 0.735813
72261248 0.734551
72274612 0.763674
72286969 0.747125
72300309 0.762756
72313566 0.742372
72324153 0.739166
72337002 0.741574
72348615 0.743072
72360470 0.714007
72373883 0.71937
72387085 0.746331
72399339 0.769501
72411536 0.785341
72423516 0.791567
72435209 0.783661
72448727 0.778971
72462323 0.776755
72476236 0.78112
72489856 0.785907
72501289 0.791027
72512326 0.759989
72524489 0.761105
72535631 0.756608
72548551 0.764101
72561417 0.753654
72574112 0.767319
72587425 0.7729
72601101 0.783048
72614529 0.774493
72627600 0.785373
72638918 0.775461
72650725 0.766129
72662235 0.761314
72675136 0.767775
72687953 0.77342
72698879 0.763315
72710012 0.752153
72720934 0.741363
72733025 0.739811
72744597 0.737027
72755914 0.738441
72768728 0.744594
72779061 0.745326
72789503 0.766632
72800555 0.761924
72811465 0.756428
72823708 0.744168
72834540 0.750029
72845817 0.761341
72858791 0.763471
72871712 0.75121
72884517 0.746386
72897885 0.70557
72910976 0.723659
72921885 0.73603
72935177 0.745972
72948318 0.733204
72959578 0.751167
72970354 0.750854
72984461 0.762823
72996868 0.754756
73009329 0.749916
73020240 0.736671
73032070 0.746646
73043221 0.767127
73055824 0.766207
73067656 0.767334
73079675 0.758548
73091596 0.758393
73102265 0.77336
73114036 0.771916
73126902 0.788311
73139837 0.772601
73150672 0.766357
73161836 0.760248
73173026 0.752614
73185707 0.748135
73196708 0.756968
73208344 0.755188
73221046 0.766929
73232997 0.765212
73245912 0.766155
73258403 0.751803
73270394 0.755856
73283742 0.764586
73297206 0.751322
73309982 0.742444
73321430 0.741405
73335011 0.735634
73345790 0.748198
73358286 0.752538
73369263 0.755132
73380909 0.746453
73391846 0.748845
73403684 0.735597
73414457 0.728116
73425111 0.72886
73437273 0.745445
73448318 0.748138
73460954 0.764198
73471786 0.765381
73482439 0.77035
73493244 0.743466
73506204 0.749022
73518948 0.758418
73529173 0.763685
73540410 0.76458
73551171 0.751375
73564491 0.764094
73577550 0.774741
73590243 0.787209
73603214 0.787254
73614710 0.776972
73628028 0.769404
73641513 0.784058
73654218 0.786775
73665848 0.787957
73679656 0.788399
73691321 0.798259
73702170 0.796533
73713089 0.787527
73725978 0.789794
73737214 0.766794
73749724 0.771193
73763125 0.715957
73776400 0.724887
73788394 0.742659
73801430 0.73649
73812583 0.732222
73824555 0.701305
73835989 0.719768
73848357 0.740871
73861187 0.735948
73874420 0.743761
73885791 0.746803
73896489 0.739563
73909317 0.754309
73922608 0.775051
73935486 0.786611
73948293 0.77645
73959787 0.772169
73972589 0.772383
73984079 0.759913
73996865 0.744257
74008223 0.762343
74021454 0.750476
74032315 0.733383
74045778 0.738494
74058528 0.74516
74071503 0.747336
74083255 0.759349
74094623 0.75295
74106398 0.745782
74117267 0.744786
74130022 0.744022
74141149 0.735039
74152710 0.747899
74163875 0.759429
74174816 0.748464
74188182 0.74999
74202126 0.738537
74212697 0.724732
74224086 0.691817
74234948 0.708926
74247524 0.706965
74259956 0.7254
74272578 0.732008
74285712 0.748538
74298763 0.729114
74311873 0.737198
74324510 0.742823
74337771 0.746836
74351243 0.747889
74364136 0.762117
74376953 0.770126
74389404 0.782983
74401796 0.78115
74412714 0.765028
74426066 0.780902
74439079 0.774786
74452200 0.78632
74464232 0.798831
74476693 0.797258
74489590 0.799987
74501492 0.791295
74514617 0.760595
74526630 0.747495
74537680 0.734902
74548476 0.757083
74561489 0.747995
74572041 0.755335
74583160 0.777746
74595855 0.773781
74608878 0.752282
74621776 0.747904
74634894 0.740173
74646597 0.753696
74659567 0.76127
74672795 0.773845
74685176 0.778719
74698503 0.790582
74711040 0.796442
74724468 0.777066
74736171 0.794989
74747523 0.782041
74760751 0.783211
74774121 0.787454
74785176 0.795739
74797925 0.806707
74811002 0.802056
74824526 0.810162
74837542 0.826521
74848935 0.81798
74860671 0.7918
74871697 0.781219
74882754 0.754654
74895146 0.725822
74908365 0.75968
74920885 0.761982
74933717 0.772032
74947124 0.790719
74960233 0.791121
74972990 0.771874
74986129 0.77212
74998671 0.79302
75011933 0.782982
75024476 0.793616
75035360 0.771489
75046345 0.734297
75058506 0.703092
75069364 0.720704
75079645 0.736467
75092291 0.70722
75104419 0.70463
75115242 0.700656
75127835 0.705165
75138536 0.716836
75149613 0.721565
75161394 0.723817
75172506 0.747562
75185243 0.767931
75198683 0.762536
75210141 0.746297
75223245 0.75111
75233838 0.739984
75244889 0.755895
75255906 0.758828
75269033 0.746249
75282209 0.741374
75293361 0.741661
75303777 0.724745
75315393 0.745495
75328175 0.742456
75341348 0.760115
75352430 0.755734
75365210 0.760379
75377715 0.785382
75389824 0.768027
75403342 0.775063
75416932 0.777439
75429726 0.774898
75442775 0.769861
75455614 0.76978
75467526 0.784086
75479196 0.796508
75490189 0.77248
75502948 0.741641
75516902 0.737925
75529923 0.732562
75540989 0.732746
75551528 0.744102
75564063 0.762673
75576240 0.772308
75587555 0.754504
75598233 0.75723
75611183 0.749502
75623861 0.743718
75634259 0.756881
75644661 0.740799
75657010 0.734254
75669334 0.762072
75680389 0.788595
75693334 0.777103
75706797 0.73979
75720669 0.743845
75733657 0.77557
75746296 0.759308
75757221 0.779567
75771222 0.809564
75783547 0.818228
75796399 0.815445
75809576 0.808133
75822474 0.789484
75836080 0.786366
75847308 0.797581
75859833 0.798373
75871448 0.80056
75885027 0.792063
75898577 0.799667
75909643 0.801074
75922248 0.775386
75935460 0.777017
75948306 0.792886
75959439 0.773966
75972511 0.781525
75984892 0.766815
75997549 0.754772
76010246 0.770204
76022695 0.785925
76035731 0.77751
76048844 0.782164
76061541 0.780954
76075080 0.789443
76086887 0.762154
76099373 0.784275
76110577 0.793306
76121416 0.777356
76132051 0.783229
76145950 0.787399
76159598 0.774343
76171872 0.765261
76184464 0.751895
76197227 0.747612
76208959 0.744821
76219678 0.751196
76230887 0.765311
76242027 0.76313
76253216 0.733933
76264261 0.750748
76274878 0.763827
76287002 0.771293
76299781 0.771743
76312707 0.767289
76326174 0.788628
76339809 0.780876
76350998 0.767565
76362955 0.783947
76374827 0.798345
76387296 0.796828
76400340 0.777889
76413255 0.768439
76426040 0.754074
76438967 0.754388
76452673 0.725122
76463429 0.735829
76476161 0.743194
76488745 0.737553
76502013 0.731917
76514833 0.747513
76526548 0.748254
76539134 0.743916
76551806 0.764993
76563818 0.767208
76576476 0.754354
76587143 0.775602
76600003 0.761455
76612466 0.760216
76624621 0.752352
76635339 0.742156
76647468 0.760803
76660365 0.76257
76672942 0.752979
76683994 0.757875
76694888 0.752958
76705727 0.731331
76718555 0.7453
76730883 0.739492
76744371 0.749848
76755381 0.728002
76767353 0.732795
76779033 0.738303
76792220 0.730457
76803743 0.735591
76815946 0.72578
76828150 0.746257
76838759 0.747992
76850912 0.765543
76861988 0.753432
76874890 0.752673
76887984 0.758255
76901506 0.772887
76914528 0.738643
76925538 0.712
76938564 0.719827
76950544 0.726665
76960977 0.728332
76971359 0.747305
76981720 0.752842
76995387 0.744191
77008483 0.745089
77020719 0.752913
77033934 0.761008
77047123 0.748858
77059825 0.749968
77072545 0.745335
77083407 0.737094
77096121 0.74022
77106867 0.718381
77117952 0.728944
77131515 0.73051
77143264 0.734306
77154092 0.735767
77164928 0.727373
77177096 0.736296
77190561 0.735332
77203167 0.772328
77216081 0.790324
77228404 0.782513
77238640 0.773255
77251161 0.760943
77264668 0.760791
77275990 0.771964
77286996 0.749754
77298058 0.739383
77311389 0.73101
77325131 0.747571
77338740 0.760766
77351183 0.771286
77364168 0.754982
77376067 0.769273
77387309 0.775847
77400416 0.760999
77411570 0.742333
77424807 0.767643
77435683 0.773498
77446818 0.754533
77458043 0.746351
77470022 0.758785
77481605 0.742674
77494180 0.73737
77507599 0.717269
77518620 0.715502
77530810 0.72376
77542878 0.7329
77554326 0.703895
77566888 0.686077
77578019 0.707583
77588868 0.730329
77599728 0.746982
77612425 0.718538
77625298 0.719725
77636668 0.713606
77647995 0.732214
77660540 0.735316
77672250 0.720646
77684535 0.71868
77695219 0.73732
77707853 0.747259
77720804 0.736274
77733396 0.721708
77746430 0.715306
77758477 0.728568
77770419 0.714254
77780990 0.724518
77793588 0.728674
77805076 0.703855
77815787 0.69575
77827809 0.697903
77840814 0.690061
77852039 0.702649
77862592 0.720346
77873168 0.721498
77885010 0.727209
77897329 0.713094
77910397 0.697715
77923323 0.70831
77935211 0.682526
77948106 0.719554
77959344 0.740237
77970564 0.751343
77981497 0.751544
77993369 0.735239
78006241 0.740928
78019262 0.746088
78031284 0.732619
78041879 0.737714
78052490 0.753206
78063637 0.749189
78076641 0.770701
78090575 0.773729
78104043 0.797287
78117449 0.77979
78128773 0.771249
78141517 0.764185
78153722 0.755851
78166862 0.773739
78179681 0.777417
78190420 0.785217
78203807 0.774719
78215072 0.76855
78228421 0.770043
78240779 0.770597
78251923 0.793509
78262422 0.79413
78274246 0.799132
78285275 0.783881
78298757 0.789892
78310424 0.79977
78323634 0.800827
78335348 0.794853
78348436 0.797794
78359572 0.808829
78370909 0.814627
78384621 0.802236
78398252 0.813518
78410947 0.808702
78421892 0.79728
78434924 0.782858
78446368 0.771674
78458839 0.748955
78472944 0.748109
78485995 0.737988
78497047 0.745663
78508425 0.749743
78519831 0.756036
78532762 0.762193
78544598 0.746806
78556253 0.745715
78567851 0.743785
78580911 0.745255
78592323 0.772505
78603747 0.777449
78614426 0.789927
78625324 0.810876
78637108 0.795725
78650171 0.796478
78661434 0.81965
78674177 0.78959
78687578 0.789832
78701095 0.804641
78713624 0.813326
78726485 0.800167
78737527 0.769733
78748668 0.780619
78759781 0.79539
78770893 0.759097
78781340 0.724474
78793793 0.75633
78805087 0.75631
78816241 0.740851
78827008 0.737435
78838620 0.735803
78849500 0.741693
78862639 0.758083
78874079 0.750192
78885238 0.765841
78897282 0.777614
78910312 0.787289
78920653 0.79431
78931931 0.800235
78945030 0.791352
78956628 0.797321
78969143 0.800843
78981777 0.816502
78992909 0.821484
79005819 0.821537
79019425 0.798817
79032256 0.771991
79043323 0.766564
79056591 0.797596
79069548 0.800351
79082019 0.778365
79094764 0.768599
79107993 0.751305
79118839 0.758614
79130206 0.760411
79143298 0.755443
79155632 0.795264
79168015 0.791489
79179197 0.789729
79191416 0.765684
79204317 0.774052
79217075 0.780698
79230061 0.773371
79243068 0.762048
79256392 0.762833
79269733 0.760111
79282404 0.757434
79295519 0.754102
79307901 0.728025
79320642 0.680055
79333352 0.692243
79343897 0.669513
79354775 0.676425
79365374 0.688108
79376269 0.670867
79386924 0.695981
79397917 0.697927
79408435 0.716075
79419049 0.722264
79429963 0.715888
79441167 0.717862
79451826 0.716716
79462964 0.7602
79475345 0.763709
79486434 0.768133
79497081 0.770153
79509507 0.770523
79520595 0.731391
79533246 0.717367
79546153 0.71501
79559749 0.691193
79570387 0.697973
79580535 0.715612
79593725 0.72527
79604446 0.721263
79615519 0.737612
79626270 0.743164
79637566 0.757007
79648380 0.754864
79661302 0.76072
79674342 0.742676
79687434 0.714181
79700809 0.72355
79713341 0.726757
79724613 0.726121
79734976 0.717611
79746677 0.746429
79757208 0.75976
79769772 0.752238
79780719 0.75528
79793367 0.738628
79806084 0.733592
79819806 0.718733
79831135 0.72344
79843434 0.712665
79854507 0.71003
79865131 0.737978
79876111 0.743905
79886815 0.736425
79898349 0.729993
79910158 0.736685
79923208 0.751056
79936047 0.749319
79947499 0.759969
79960578 0.782828
79974007 0.794213
79987465 0.803105
79999234 0.812074
80012506 0.796713
80025159 0.801877
80038500 0.795727
80049820 0.7883
80062992 0.789014
80076382 0.766587
80087682 0.773206
80100605 0.78463
80113475 0.796625
80126093 0.778569
80137430 0.805394
80150391 0.805991
80161444 0.807996
80174805 0.806884
80187471 0.78807
80199310 0.768156
80212988 0.745131
80226272 0.739283
80239688 0.744664
80252630 0.760846
80265742 0.765286
80278071 0.775136
80289399 0.754754
80303044 0.763909
80316044 0.764734
80329129 0.767943
80342751 0.788332
80356130 0.811792
80368917 0.813067
80382435 0.826238
80394385 0.819268
80407529 0.797022
80421190 0.799992
80434208 0.798311
80447393 0.795169
80460660 0.781639
80471683 0.787141
80484601 0.787631
80497724 0.792079
80510349 0.800735
80524261 0.789424
80536780 0.795874
80549184 0.802547
80561016 0.809763
80574416 0.798907
80586810 0.801643
80599575 0.7849
80613408 0.783412
80626850 0.800178
80639878 0.799784
80651219 0.799151
80662268 0.802967
80673440 0.781464
80686557 0.793635
80698453 0.804876
80709984 0.801958
80723027 0.785643
80736413 0.805525
80748690 0.807762
80761585 0.805416
80775365 0.793668
80788374 0.800839
80799588 0.782459
80812831 0.780843
80825171 0.795214
80837703 0.789708
80848651 0.795715
80861309 0.788174
80873783 0.795751
80886638 0.787863
80901197 0.802151
80914690 0.794184
80927878 0.794915
80941044 0.803617
80954157 0.803349
80965219 0.798236
80978189 0.796584
80989747 0.791921
81003137 0.801252
81013824 0.79297
81026815 0.768509
81040326 0.802199
81051318 0.786265
81063720 0.780196
81075938 0.756423
81089193 0.756015
81102135 0.781859
81114560 0.798275
81127026 0.777041
81138470 0.758501
81151876 0.766124
81165216 0.766404
81176803 0.762326
81189375 0.754305
81201093 0.737349
81213022 0.747051
81225058 0.763349
81238165 0.752253
81249885 0.741
81260485 0.765599
81271503 0.766172
81283878 0.755888
81297154 0.734918
81307703 0.722884
81318380 0.708581
81329020 0.718691
81340152 0.708532
81352974 0.701403
81366348 0.707079
81378141 0.689589
81388811 0.733535
81401495 0.737933
81412648 0.741477
81423080 0.735821
81435700 0.738125
81448713 0.709131
81460690 0.713976
81471329 0.716072
81482599 0.712348
81495377 0.723489
81507956 0.710475
81518631 0.72684
81531145 0.743229
81542137 0.750758
81554937 0.761909
81567293 0.751359
81579731 0.7471
81592592 0.750752
81605851 0.739668
81619368 0.757115
81630844 0.776449
81642160 0.754514
81653443 0.760884
81665528 0.739322
81676716 0.746921
81689767 0.752955
81702488 0.746243
81715099 0.765132
81726290 0.744227
81737511 0.740035
81748546 0.755455
81759653 0.734238
81772562 0.744937
81783647 0.727316
81796029 0.741649
81807122 0.759986
81818086 0.766387
81831530 0.778402
81842388 0.771726
81855775 0.75151
81869157 0.756318
81882909 0.761055
81895263 0.735703
81908654 0.745704
81921083 0.769608
81933452 0.731256
81945722 0.740687
81957754 0.757475
81968311 0.755241
81979285 0.746936
81992324 0.750704
82005091 0.782102
82018191 0.794432
82031868 0.787724
82044414 0.787886
82055887 0.783512
82069458 0.769655
82081197 0.77459
82094241 0.766561
82107317 0.787007
82120738 0.790197
82133287 0.793562
82146138 0.804649
82158484 0.803827
82171935 0.780568
82184513 0.787071
82195683 0.783155
82208302 0.775233
82221265 0.772437
82234916 0.771643
82248074 0.763765
82261663 0.79327
82275273 0.773947
82288370 0.776751
82299620 0.779669
82310815 0.785727
82321423 0.778028
82332976 0.79125
82343919 0.80047
82356350 0.803345
82368206 0.766054
82381426 0.74723
82394737 0.720921
82405638 0.747036
82416315 0.739628
82426705 0.738924
82439201 0.734996
82449898 0.727115
82462346 0.728091
82475300 0.728874
82486137 0.744164
82497647 0.722965
82508482 0.745321
82519106 0.737255
82531749 0.717534
82542974 0.736477
82556278 0.735516
82567300 0.732259
82578086 0.727591
82589030 0.720996
82599066 0.738457
82610048 0.721313
82621429 0.709033
82634293 0.733907
82647322 0.742244
82659283 0.742912
82670053 0.740985
82681232 0.731528
82693005 0.752441
82704699 0.774601
82715774 0.739611
82728804 0.738739
82741677 0.74257
82753114 0.75469
82765921 0.776169
82779397 0.777499
82790923 0.772231
82803681 0.750819
82815448 0.736736
82828233 0.720092
82840969 0.707431
82854126 0.748835
82866570 0.742842
82877662 0.727607
82888577 0.749727
82899631 0.740639
82911698 0.738888
82925187 0.770646
82936700 0.752845
82950343 0.750309
82963491 0.749983
82974929 0.775557
82986003 0.767038
82997033 0.736949
83008211 0.736875
83019251 0.731063
83029793 0.710611
83040410 0.702928
83050747 0.710964
83061712 0.712039
83074491 0.741862
83086901 0.745206
83097929 0.749851
83109032 0.758701
83121255 0.762651
83133842 0.763651
83145209 0.75517
83158820 0.720626
83169934 0.743878
83180995 0.723434
83193804 0.736646
83204818 0.759391
83215570 0.756597
83229154 0.752069
83242700 0.769892
83255032 0.759486
83267053 0.758722
83280391 0.735043
83293405 0.74428
83306929 0.736729
83320264 0.740219
83332999 0.748113
83346327 0.746488
83359704 0.756339
83372763 0.765909
83385142 0.753368
83395932 0.730596
83408660 0.754483
83422081 0.764195
83434309 0.784675
83446728 0.775861
83457662 0.778684
83470551 0.759188
83481733 0.749276
83494080 0.750183
83506211 0.780389
83517667 0.795658
83529857 0.777433
83542873 0.762591
83554644 0.740237
83567858 0.738843
83581242 0.739615
83594039 0.761056
83605686 0.782919
83618604 0.782232
83631566 0.776159
83645486 0.758447
83658847 0.77285
83671044 0.79131
83684517 0.793265
83698128 0.784977
83710395 0.768455
83721026 0.770652
83733837 0.772676
83746982 0.786398
83760068 0.783494
83773822 0.774649
83787121 0.790715
83798064 0.782517
83810514 0.782781
83821375 0.779842
83832592 0.787451
83846285 0.783494
83858509 0.783556
83871465 0.764866
83885388 0.764355
83898534 0.780575
83911658 0.774716
83925261 0.782611
83936604 0.788912
83948498 0.78761
83960886 0.770213
83973256 0.773767
83986781 0.796494
83999767 0.773358
84013732 0.78292
84025755 0.760651
84039433 0.768913
84052689 0.771296
84066346 0.791674
84079621 0.814764
84090571 0.822244
84103488 0.811375
84116265 0.791878
84127972 0.770874
84141344 0.769924
84155455 0.750023
84166503 0.786162
84177399 0.786579
84190700 0.780985
84203734 0.799374
84217095 0.797495
84228106 0.79111
84239208 0.773662
84250899 0.765142
84263588 0.757997
84277163 0.761322
84288457 0.746523
84300077 0.744978
84311309 0.776393
84321812 0.774311
84335501 0.764825
84346442 0.752845
84359166 0.768558
84372084 0.751472
84384927 0.775093
84397722 0.767967
84408770 0.761816
84420538 0.756809
84433433 0.777359
84446452 0.764129
84457253 0.77035
84470227 0.75744
84481417 0.776334
84492962 0.772064
84505754 0.772884
84517998 0.793164
84529575 0.775828
84540681 0.780872
84551589 0.791799
84564139 0.770862
84577117 0.754142
84591007 0.755276
84602617 0.765986
84614179 0.772139
84625290 0.784761
84638693 0.80242
84652808 0.792005
84667039 0.784938
84679010 0.773941
84692726 0.763998
84705826 0.772656
84719376 0.769606
84732529 0.780228
84744165 0.778762
84757427 0.772809
84770297 0.793291
84783793 0.798377
84796312 0.795955
84809673 0.779629
84822186 0.78892
84833270 0.794791
84844898 0.774433
84858430 0.780709
84870599 0.78811
84883536 0.758806
84894057 0.776034
84906355 0.777594
84919692 0.781443
84932605 0.786962
84945337 0.79504
84957834 0.800669
84970287 0.787147
84982340 0.801643
84995050 0.781919
85007205 0.806285
85020122 0.799978
85032853 0.787516
85046223 0.785024
85057352 0.76684
85067648 0.773227
85078413 0.757447
85090697 0.764638
85103520 0.778222
85117195 0.741255
85130061 0.765524
85143267 0.747931
85155964 0.758453
85168500 0.753075
85181521 0.746951
85193321 0.767228
85204998 0.756387
85215657 0.762364
85226684 0.748312
85240547 0.724924
85253725 0.687886
85264505 0.702939
85276899 0.763364
85287903 0.767095
85299404 0.764961
85310227 0.762492
85323613 0.766199
85334825 0.757736
85345989 0.761234
85356609 0.760317
85369596 0.743831
85381678 0.741887
85394460 0.740165
85407548 0.726287
85419115 0.717035
85430648 0.719247
85441409 0.728435
85452263 0.731431
85465320 0.732626
85477732 0.716934
85490322 0.73974
85501386 0.770225
85512238 0.774461
85523057 0.780717
85535716 0.779485
85549074 0.774578
85560195 0.763253
85573851 0.768119
85587540 0.787592
85601461 0.784373
85612267 0.782438
85625663 0.761568
85637292 0.760654
85648241 0.758055
85661617 0.758486
85674512 0.761282
85685263 0.76665
85696918 0.751413
85709242 0.763428
85722301 0.752626
85734872 0.756759
85747954 0.761966
85759982 0.781202
85773556 0.793699
85786489 0.798485
85798203 0.816808
85811079 0.817502
85823021 0.816328
85836681 0.813012
85849673 0.804872
85862883 0.797737
85875811 0.799965
85889404 0.77858
85903019 0.771413
85916753 0.799481
85929607 0.791505
85943113 0.793004
85957043 0.80624
85968213 0.79488
85981300 0.808664
85993766 0.814869
86006831 0.808728
86020286 0.772143
86031401 0.776083
86043845 0.763598
86055538 0.757946
86066584 0.770966
86078339 0.760784
86090977 0.767026
86104281 0.773955
86117266 0.771457
86129756 0.767428
86143004 0.763139
86156289 0.749188
86168876 0.750464
86179468 0.738999
86191161 0.732153
86202906 0.731749
86215164 0.738376
86227699 0.74197
86240633 0.74545
86251871 0.757938
86264943 0.773073
86277899 0.767475
86289541 0.753378
86302602 0.770961
86313463 0.768429
86326122 0.768541
86337573 0.767303
86350939 0.772214
86361890 0.778647
86375122 0.76351
86388655 0.767523
86401232 0.788218
