23473 12130
37648 11144
52183 11144
66677 11137
80443 11011
94478 11011
108604 11011
120006 11011
134409 11011
148466 10978
162312 10887
176299 10867
189333 10867
203181 10867
217217 10867
231669 10867
245901 10867
260225 10831
271484 10831
285147 10821
298098 10821
312460 10821
328246 10821
342389 10821
356319 10821
368550 10821
381129 10382
392555 10158
404293 10158
415880 10158
430294 10158
441465 9990
455872 9990
469965 9976
481526 9921
495503 9921
509495 9921
525660 9921
539447 9920
550406 9920
564317 9920
581077 9920
594840 9920
608902 9920
622970 9920
637628 9920
651313 9920
663255 9920
674751 9920
689830 9920
703799 9920
717010 9920
728279 9920
742444 9883
753409 9883
767174 9883
778353 9883
791523 9743
805342 9743
821110 9725
835540 9725
846446 9725
859198 9725
873348 9725
887084 9725
900841 9725
913027 9725
926444 9725
939850 9725
953567 9725
966911 9725
980528 9725
994509 9725
1007965 9725
1022020 9725
1033240 9725
1047491 9725
1062179 9725
1075124 9725
1087540 9725
1101364 9725
1113887 9725
1128256 9725
1141483 9725
1154528 9725
1166559 9725
1179669 9725
1193456 9725
1207707 9725
1219061 9725
1230218 9725
1243891 9725
1256217 9725
1270747 9725
1284720 9725
1299404 9725
1312862 9725
1328631 9725
1342653 9725
1356235 9725
1369947 9725
1381813 9725
1393628 9725
1407398 9725
1421557 9725
1434987 9725
1447998 9725
1461021 9725
1474951 9725
1489238 9725
1504249 9725
1518282 9725
1529914 9725
1541317 9725
1553545 9725
1567528 9725
1581910 9725
1595488 9725
1606671 9725
1620297 9725
1633310 9725
1646542 9725
1660588 9725
1674456 9725
1688566 9725
1702999 9725
1716661 9725
1727754 9725
1743543 9725
1759895 9725
1772154 9725
1787283 9725
1800748 9725
1813831 9725
1829592 9725
1842430 9725
1856043 9725
1869671 9725
1883612 9725
1897321 9725
1911770 9725
1923637 9725
1937107 9725
1951078 9725
1962841 9725
1974962 9725
1986160 9725
1997229 9725
2011857 9725
2026461 9725
2040812 9725
2052605 9725
2065968 9725
2078926 9725
2093279 9725
2105916 9725
2118712 9725
2131541 9725
2145270 9725
2158415 9725
2172915 9725
2186776 9725
2198149 9725
2211966 9725
2224624 9725
2240370 9725
2254417 9725
2267329 9725
2278388 9725
2292523 9725
2309483 9725
2324076 9725
2338221 9725
2349799 9725
2365839 9725
2380748 9725
2394052 9725
2407228 9725
2420601 9725
2435784 9725
2449944 9725
2465649 9725
2478510 9725
2491018 9725
2504685 9725
2518817 9725
2535065 9725
2549488 9725
2563934 9725
2577667 9725
2591401 9725
2605020 9725
2619352 9725
2633708 9725
2647698 9725
2661070 9725
2674215 9725
2688947 9725
2700911 9725
2713858 9725
2724912 9559
2736456 9368
2748659 9368
2761981 9368
2775464 9368
2789197 9368
2802165 9213
2815642 9213
2829742 9213
2841261 9213
2854264 9213
2865949 9213
2876907 9213
2890850 9213
2904781 9213
2918541 9184
2932302 9184
2944962 9184
2958059 9184
2971922 9184
2986139 9184
3001076 9184
3015743 9184
3030197 9184
3042925 9184
3056431 9184
3067570 9184
3081389 9184
3094841 9184
3107595 9184
3121376 9184
3132543 9184
3147431 9184
3160810 9184
3174883 9184
3190426 9184
3204378 9184
3220450 9184
3235016 9184
3249383 9184
3263179 9184
3277940 9184
3292018 9184
3305489 9184
3317209 9184
3330640 9184
3343241 9184
3356456 9184
3367545 9184
3380896 9184
3394216 9184
3409730 9184
3423417 9184
3437267 9184
3450435 9184
3462028 9184
3475731 9184
3489559 9184
3502434 9184
3514476 9184
3528437 9184
3542450 9184
3556057 9184
3569552 9184
3580820 9184
3593584 9184
3607506 9184
3620762 9184
3634546 9184
3647788 9184
3662098 9184
3676537 9184
3690938 9184
3704574 9184
3718623 9184
3731361 9184
3742399 9184
3753577 9184
3767114 9184
3781042 9184
3795117 9184
3811124 9184
3824455 9184
3836366 9184
3849856 9184
3863980 9184
3878255 9184
3891929 9184
3905258 9184
3919501 9184
3930675 9184
3942657 9184
3956105 9184
3969489 9184
3985663 9184
3998856 9184
4012260 9184
4025873 9184
4039848 9184
4053605 9184
4066115 9184
4079785 9184
4090893 9184
4104549 9184
4115852 9184
4129907 9184
4144108 9184
4158352 9184
4172571 9184
4187134 9184
4198252 9184
4212001 9184
4226078 9184
4239582 9184
4254089 9184
4267616 9184
4280688 9184
4294522 9184
4307712 9184
4321884 9184
4335148 9184
4348765 9184
4362121 9184
4374762 9184
4388105 9184
4402396 9184
4416963 9184
4431096 9184
4445042 9184
4458705 9184
4471379 9184
4484473 9184
4498943 9184
4512862 9184
4523713 9184
4536964 9184
4548167 9184
4562503 9184
4576977 9184
4591458 9184
4605577 9184
4617221 9184
4631305 9184
4645429 9184
4658883 9184
4672235 9184
4686686 9184
4700149 9184
4711701 9184
4722754 9184
4736769 9184
4749918 9184
4764028 9184
4777043 9184
4791173 9184
4804908 9184
4816480 9184
4829345 9184
4843218 9184
4857093 9184
4871725 9184
4885486 9184
4896669 9184
4908310 9184
4922887 9184
4937187 9184
4950647 9184
4964966 9184
4979568 9184
4992768 9184
5006842 9184
5020758 9184
5032621 9184
5043761 9184
5056897 9184
5072715 9184
5084643 9184
5096277 9184
5110430 9184
5122275 9184
5134179 9184
5148236 9184
5159586 9184
5170523 9184
5184381 9184
5196939 9184
5210202 9184
5225720 9184
5237968 9184
5253606 9184
5267530 9184
5279206 9184
5290981 9184
5304189 9184
5318126 9184
5331519 9184
5342931 9184
5357148 9184
5368181 9184
5382364 9184
5393301 9184
5404559 9184
5420382 9184
5432532 9184
5447228 9184
5461238 9184
5475311 9184
5486594 9184
5497369 9184
5511365 9184
5525324 9184
5539144 9184
5552226 9184
5566012 9184
5583145 9184
5596049 9184
5607522 9184
5620305 9184
5634189 9184
5648100 9184
5661608 9184
5675688 9184
5687357 9184
5701459 9184
5715474 9184
5727238 9184
5741250 9184
5752306 9184
5766273 9184
5779805 9184
5793517 9184
5807299 9184
5823302 9184
5837468 9184
5848959 9184
5861116 9184
5875360 9184
5887441 9184
5901014 9184
5914744 9184
5928665 9184
5942992 9184
5960853 9184
5974885 9184
5988486 9184
6002211 9184
6016231 9184
6029794 9184
6043419 9184
6057154 9184
6068691 9184
6080996 9184
6094450 9184
6107311 9184
6118860 9184
6131228 9184
6144129 9184
6158436 9184
6170131 9184
6184424 9153
6198312 9153
6210835 9153
6224389 9153
6238336 9153
6251762 9153
6265778 9153
6279632 9153
6293834 9153
6306749 9153
6320879 9153
6334666 9153
6348553 9153
6362604 9153
6374541 9153
6388875 9153
6402799 9153
6416457 9153
6429672 9153
6443465 9153
6457657 9153
6471565 9153
6482693 9153
6495898 9153
6509987 9153
6523132 9153
6536906 9153
6550875 9153
6562231 9153
6574194 9153
6586995 9153
6603063 9153
6620526 9153
6636861 9153
6649910 9153
6664081 9153
6677159 9153
6690692 9153
6705052 9153
6719242 9153
6734707 9153
6748751 9153
6763241 9153
6777046 9153
6790000 9153
6803150 9153
6816099 9153
6830158 9153
6844318 9153
6857521 9153
6871713 9153
6887168 9153
6902821 9153
6916117 9153
6929857 9153
6945639 9153
6959066 9153
6971803 9153
6983023 9153
6994114 9153
7005216 9153
7018611 9153
7034942 9153
7048163 9153
7064200 9153
7075581 9153
7089426 9153
7100920 9153
7113980 9153
7127837 9153
7142103 9153
7156236 9153
7169072 9153
7182852 9153
7196220 9153
7210623 9153
7221747 9153
7233178 9153
7247327 9153
7261361 9153
7274241 9153
7285226 9153
7298808 9153
7312715 9153
7326287 9153
7340307 9153
7354237 9153
7370913 9153
7385163 9153
7402565 9153
7419157 9153
7433255 9153
7447126 9153
7461430 9153
7475603 9153
7486720 9153
7498082 9153
7509166 9153
7522841 9153
7534117 9153
7548228 9153
7562246 9153
7576586 9153
7590058 9153
7605526 9153
7620134 9153
7634263 9153
7648321 9153
7662297 9153
7676598 9153
7691436 9153
7705344 9153
7717064 9153
7730282 9153
7743063 9153
7757080 9153
7770906 9153
7784920 9153
7798823 9153
7812598 9153
7827018 9153
7840683 9153
7852772 9153
7867452 9153
7880738 9153
7894304 9153
7907704 9153
7918882 9153
7932969 9153
7947203 9153
7961082 9153
7972256 9153
7985095 9153
7999227 9153
8013769 9153
8027609 9153
8040383 9153
8054379 9153
8067742 9153
8081463 9153
8095691 9153
8108651 9153
8121611 9153
8135106 9153
8149204 9153
8163287 9153
8174641 9153
8186094 9153
8199874 9153
8214336 9153
8228293 9153
8242631 9153
8257794 9153
8274225 9153
8288321 9153
8301092 9153
8314622 9153
8326682 9153
8339875 9153
8353354 9153
8367309 9153
8381254 9153
8393446 9153
8407212 9153
8421416 9153
8435308 9153
8446323 9153
8459564 9153
8471290 9153
8485415 9153
8499359 9153
8512212 9153
8526616 9153
8539445 9153
8553264 9153
8565260 9153
8576663 9153
8588781 9153
8602782 9153
8616965 9153
8631638 9153
8646103 9153
8657117 9153
8669974 9153
8683729 9153
8698221 9153
8711810 9153
8724781 9153
8737996 9153
8748977 9153
8763001 9153
8776451 9153
8790364 9153
8805412 9153
8817811 9153
8829207 9153
8843977 9153
8855314 9153
8870604 9153
8885048 9153
8899265 9153
8912673 9153
8926114 9153
8940793 9153
8953376 9153
8966997 9153
8980143 9153
8991173 9153
9005201 9153
9018990 9153
9032701 9153
9046275 9153
9060199 9153
9072958 9153
9086954 9153
9099637 9153
9113180 9153
9126839 9153
9140486 9153
9152513 9153
9165751 9153
9177756 9153
9189552 9153
9204162 9153
9217939 9153
9229125 9153
9242283 9153
9256480 9153
9270260 9153
9284291 9153
9298932 9153
9311190 9153
9324186 9153
9338451 9153
9350528 9153
9362341 9153
9373903 9153
9388295 9153
9403780 9153
9417807 9153
9429692 9153
9441296 9153
9452706 9153
9464476 9153
9477074 9153
9490774 9153
9504761 9153
9518361 9153
9532408 9153
9545615 9153
9559648 9153
9570843 9153
9583062 9153
9596038 9153
9607365 9153
9622808 9153
9636163 9153
9650042 9153
9663592 9153
9677287 9153
9691275 9153
9706151 9153
9720766 9153
9735015 9153
9748845 9153
9763087 9153
9775068 9153
9788949 9153
9800855 9153
9814534 9153
9825614 9153
9838758 9153
9850920 9153
9864872 9153
9878915 9153
9893619 9153
9908494 9153
9922241 9153
9933490 9153
9948230 9153
9962004 9153
9975541 9153
9988318 9153
10002166 9153
10015927 9153
10029700 9153
10040586 9153
10052897 9153
10064048 9153
10077027 9153
10088142 9153
10102010 9153
10114065 9153
10127412 9153
10140758 9153
10154579 9153
10168790 9153
10182024 9153
10196284 9153
10209686 9153
10223673 9153
10237855 9153
10249953 9153
10264613 9153
10282050 9153
10295314 9153
10307115 9153
10319143 9153
10331841 9153
10344330 9153
10356768 9153
10370741 9153
10384829 9153
10396067 9153
10408962 9153
10421769 9153
10433841 9153
10447508 9153
10461662 9153
10472745 9153
10485934 9153
10497287 9153
10508598 9153
10522984 9153
10537419 9153
10550706 9153
10564565 9153
10578710 9153
10592938 9153
10606127 9153
10617526 9153
10631235 9153
10642351 9153
10653490 9153
10667397 9153
10681027 9153
10693082 9153
10706861 9153
10721507 9153
10732690 9153
10743934 9153
10758136 9153
10769890 9153
10781171 9153
10794721 9153
10808350 9153
10821533 9153
10834811 9153
10848509 9153
10861049 9153
10872708 9153
10886075 9153
10899984 9153
10911063 9153
10924842 9153
10935841 9153
10947635 9153
10960782 9153
10974959 9153
10989607 9153
11003662 9153
11017893 9153
11032201 9153
11046760 9153
11062880 9153
11078863 9153
11090221 9153
11103467 9153
11116375 9153
11129448 9153
11141992 9153
11154706 9153
11168178 9153
11181855 9153
11196084 9153
11213005 9153
11227840 9153
11242038 9153
11257522 9153
11271779 9153
11285155 9153
11298015 9153
11311764 9153
11326251 9153
11340755 9153
11354215 9153
11368188 9153
11380923 9153
11394793 9153
11408133 9153
11421734 9153
11434691 9153
11449095 9153
11462743 9153
11475528 9153
11489467 9153
11503111 9153
11515466 9153
11526353 9153
11539750 9153
11554995 9153
11568547 9153
11582077 9153
11596022 9153
11609464 9153
11623089 9153
11636708 9153
11649886 9153
11664144 9153
11677936 9153
11691662 9153
11705517 9153
11717365 9153
11730531 9153
11743747 9153
11757814 9153
11772659 9153
11787039 9153
11800914 9153
11815131 9153
11829348 9153
11842183 9153
11853284 9153
11867186 9153
11881849 9153
11896051 9153
11909174 9153
11922778 9153
11934508 9153
11948595 9153
11959819 9153
11973754 9153
11985758 9153
11996780 9153
12011129 9153
12026340 9153
12040608 9153
12054968 9153
12070880 9153
12085591 9153
12099152 9153
12112783 9153
12125600 9153
12136829 9153
12150641 9153
12164286 9153
12178158 9153
12193417 9153
12204685 9153
12219239 9153
12232944 9153
12246394 9153
12258038 9153
12271683 9153
12285689 9153
12299620 9153
12313480 9153
12327556 9153
12339969 9153
12354714 9153
12367940 9153
12382000 9153
12395966 9153
12409992 9153
12422015 9153
12436110 9153
12450220 9153
12462423 9153
12475479 9153
12489108 9153
12502963 9153
12514685 9153
12527506 9153
12541476 9153
12555631 9153
12569529 9153
12583877 9153
12598293 9153
12614066 9153
12627148 9153
12640170 9153
12653505 9153
12665492 9153
12677726 9153
12689442 9153
12703494 9153
12717700 9153
12730728 9153
12744918 9153
12759127 9153
12770277 9153
12781365 9153
12795466 9153
12809703 9153
12824101 9153
12837924 9153
12851077 9153
12864658 9153
12878182 9153
12889954 9153
12904352 9153
12918786 9153
12932852 9153
12949010 9153
12962305 9153
12975994 9153
12990454 9153
13004389 9153
13018340 9153
13032031 9153
13043187 9153
13056824 9153
13068798 9153
13082158 9153
13096450 9153
13109774 9153
13123810 9153
13139884 9153
13153898 9153
13168027 9153
13182156 9153
13193388 9153
13207663 9153
13221738 9153
13237881 9153
13251791 9153
13263822 9153
13278021 9153
13292252 9153
13306882 9153
13320854 9153
13337079 9153
13351539 9153
13363657 9153
13376886 9153
13389974 9153
13404272 9153
13417473 9153
13431035 9153
13443469 9153
13455230 9153
13470540 9153
13484390 9153
13498202 9153
13512420 9153
13525547 9153
13540118 9153
13553742 9153
13569870 9153
13583922 9153
13598299 9153
13611833 9153
13624302 9153
13635887 9153
13648810 9153
13661749 9153
13675892 9153
13690094 9153
13702897 9153
13716051 9153
13729673 9153
13742799 9153
13753834 9153
13767178 9153
13781165 9153
13795514 9153
13809085 9153
13823849 9153
13838823 9153
13850929 9153
13862628 9153
13876201 9153
13890494 9153
13906414 9153
13922111 9153
13935350 9153
13949336 9153
13964321 9153
13981734 9153
13995185 9153
14008982 9153
14022849 9153
14034585 9153
14048142 9153
14060062 9153
14075321 9153
14088997 9153
14101648 9153
14115810 9153
14129044 9153
14142985 9153
14156877 9153
14171319 9153
14182793 9153
14193872 9153
14207839 9153
14221476 9153
14235635 9153
14247284 9153
14259254 9153
14274135 9153
14286404 9153
14300223 9153
14314219 9153
14329212 9153
14345979 9153
14357120 9153
14369278 9153
14381595 9153
14395711 9153
14407633 9153
14420853 9153
14431982 9153
14443311 9153
14455243 9153
14469443 9153
14480430 9153
14494449 9153
14508627 9153
14522944 9153
14536614 9153
14547749 9153
14561638 9153
14575735 9153
14586671 9153
14600838 9153
14612625 9153
14623660 9153
14637515 9153
14652149 9153
14666747 9153
14679723 9153
14691752 9153
14703015 9153
14717425 9153
14731396 9153
14745582 9153
14760867 9153
14775193 9153
14790396 9153
14804203 9153
14815825 9153
14826917 9153
14840188 9153
14853363 9153
14865246 9153
14878590 9153
14892711 9153
14906312 9153
14918668 9153
14930613 9153
14941614 9153
14955967 9153
14970216 9153
14983915 9153
14995408 9153
15009341 9153
15023497 9153
15037809 9153
15051667 9153
15066197 9153
15080257 9153
15094527 9153
15107997 9153
15121791 9153
15135758 9153
15147405 9153
15159498 9153
15173393 9153
15185203 9153
15198472 9153
15212379 9153
15226726 9153
15239966 9153
15251630 9153
15265615 9153
15279694 9153
15294386 9153
15310861 9153
15322590 9153
15335824 9153
15348787 9153
15363127 9153
15376579 9153
15390134 9153
15404590 9153
15417899 9153
15433159 9153
15448579 9153
15460666 9153
15474277 9153
15486568 9153
15499730 9153
15510940 9153
15523346 9153
15535736 9153
15549795 9153
15560725 9153
15574614 9153
15587760 9153
15601855 9153
15616208 9153
15630563 9153
15645024 9153
15659752 9153
15672085 9153
15683628 9153
15696676 9153
15710838 9153
15724701 9153
15739751 9153
15754565 9153
15767919 9153
15781919 9153
15794075 9153
15806758 9153
15818041 9153
15831035 9153
15845330 9153
15856674 9153
15870217 9153
15883970 9153
15897568 9153
15909279 9153
15922570 9153
15935950 9153
15949154 9153
15963447 9153
15975633 9153
15989559 9153
16000939 9153
16014286 9153
16025657 9153
16037841 9153
16051307 9153
16062620 9153
16074845 9153
16088733 9153
16102271 9153
16115631 9153
16127477 9153
16141774 9153
16155009 9153
16168581 9153
16180554 9153
16194743 9153
16207462 9153
16220623 9153
16232005 9153
16245602 9153
16259563 9153
16273911 9153
16288860 9153
16303403 9153
16317862 9153
16332092 9153
16344527 9153
16356629 9153
16370778 9153
16386861 9153
16400734 9153
16411787 9153
16423829 9153
16437636 9153
16451772 9153
16465578 9153
16478497 9153
16492778 9153
16508939 9153
16523586 9153
16534873 9153
16549128 9153
16560347 9153
16574204 9153
16588368 9153
16601258 9153
16614265 9153
16628438 9153
16642040 9153
16655795 9153
16668271 9153
16682916 9153
16695682 9153
16709059 9153
16722661 9153
16736647 9153
16750393 9153
16763535 9153
16777493 9153
16789106 9153
16803497 9153
16816075 9153
16829803 9153
16845029 9153
16859485 9153
16872072 9153
16885865 9153
16899239 9153
16912443 9153
16925558 9153
16937685 9153
16951671 9153
16965082 9153
16978457 9153
16991533 9153
17005658 9153
17018120 9153
17031075 9153
17043442 9153
17055344 9153
17069494 9153
17083570 9153
17097670 9153
17111433 9153
17125481 9153
17138948 9153
17152278 9153
17166023 9153
17179372 9153
17193703 9153
17207591 9153
17221456 9153
17235840 9153
17247798 9153
17261175 9153
17276980 9153
17292555 9153
17306993 9153
17321446 9153
17332500 9153
17343730 9153
17360183 9153
17375644 9153
17389838 9153
17405305 9153
17419145 9153
17435987 9153
17448306 9153
17459552 9153
17472510 9153
17485669 9153
17499847 9153
17511080 9153
17524700 9153
17538040 9153
17553597 9153
17566902 9153
17580390 9153
17594217 9153
17607621 9153
17618708 9153
17629752 9153
17643966 9153
17656109 9153
17670296 9153
17683414 9153
17697776 9153
17712983 9153
17727086 9153
17739575 9153
17754131 9153
17765825 9153
17779206 9153
17792509 9153
17806633 9153
17820950 9153
17835421 9153
17846449 9153
17860343 9153
17874619 9153
17888552 9153
17901629 9153
17915631 9153
17929642 9153
17942311 9153
17953683 9153
17967685 9153
17981548 9153
17996351 9153
18009368 9153
18020604 9153
18031835 9153
18044593 9153
18056087 9153
18070029 9153
18084199 9153
18098349 9153
18112071 9153
18123847 9153
18134856 9153
18148900 9153
18163085 9153
18178881 9153
18193201 9153
18206325 9153
18223511 9153
18239222 9153
18252027 9153
18263183 9153
18274716 9153
18288800 9153
18302940 9153
18315402 9153
18329425 9153
18343786 9153
18358135 9153
18372014 9153
18385249 9153
18398477 9153
18412537 9153
18426741 9153
18443356 9153
18457462 9153
18471476 9153
18484604 9153
18498065 9153
18509862 9153
18523521 9153
18537781 9153
18550025 9153
18564145 9153
18577980 9153
18589436 9153
18603522 9153
18619079 9153
18635287 9153
18648815 9153
18659891 9153
18673544 9153
18688436 9153
18701973 9153
18714779 9153
18728593 9153
18744902 9153
18758049 9153
18772937 9153
18784926 9153
18796065 9153
18809867 9153
18824351 9153
18837006 9153
18848923 9153
18863345 9153
18876704 9153
18890607 9153
18904858 9153
18919333 9153
18933742 9153
18948182 9153
18961652 9153
18975725 9153
18986836 9153
19001428 9153
19013452 9153
19027316 9153
19041259 9153
19055359 9153
19066726 9153
19080460 9153
19094311 9153
19105701 9153
19119641 9153
19131399 9153
19144953 9153
19158349 9153
19172945 9153
19187427 9153
19200526 9153
19214033 9153
19227294 9153
19240465 9153
19254771 9153
19265589 9153
19279809 9153
19294580 9153
19305674 9153
19319737 9153
19332814 9153
19345557 9153
19358426 9153
19374981 9153
19388555 9153
19402005 9153
19415176 9153
19428971 9153
19441188 9153
19455081 9153
19471207 9153
19483727 9153
19497724 9153
19511226 9153
19525664 9153
19538441 9153
19552494 9153
19564723 9153
19578812 9153
19591883 9153
19607221 9153
19624129 9153
19638155 9153
19651915 9153
19665850 9153
19680404 9153
19694333 9153
19708170 9153
19720230 9153
19733830 9153
19747645 9153
19760881 9153
19771982 9153
19787699 9153
19801692 9153
19815196 9153
19827310 9153
19840728 9153
19854560 9153
19865570 9153
19879998 9153
19897315 9153
19911662 9153
19925798 9153
19939015 9153
19952863 9153
19964011 9153
19976067 9153
19990577 9153
20004550 9153
20019001 9153
20030161 9153
20043759 9153
20057711 9153
20071368 9153
20082460 9153
20096019 9153
20109675 9153
20120815 9153
20132233 9153
20143358 9153
20157680 9153
20170502 9153
20185519 9153
20199157 9153
20213279 9153
20226802 9153
20238303 9153
20252240 9153
20266732 9153
20278263 9153
20290110 9153
20300996 9153
20312194 9153
20326483 9153
20338347 9153
20351744 9153
20364833 9153
20376029 9153
20390140 9153
20403954 9153
20418229 9153
20432131 9153
20446046 9153
20460227 9153
20474706 9153
20489449 9153
20502547 9153
20515565 9153
20529640 9153
20544357 9153
20557755 9153
20569412 9153
20583373 9153
20597440 9153
20611391 9153
20622979 9153
20634198 9153
20648162 9153
20660937 9153
20674080 9153
20684962 9153
20697971 9153
20708997 9153
20722945 9153
20736735 9153
20748413 9153
20760930 9153
20774142 9153
20787376 9153
20801755 9153
20815269 9153
20829132 9153
20842502 9153
20855441 9153
20869638 9153
20882797 9153
20896100 9153
20909664 9153
20923467 9153
20937632 9153
20951941 9153
20966317 9153
20978278 9153
20990102 9153
21001581 9153
21015495 9153
21027826 9153
21039348 9153
21053202 9153
21066791 9153
21078302 9153
21092630 9153
21107015 9153
21121517 9153
21134708 9153
21147414 9153
21161344 9153
21173856 9153
21187767 9153
21199913 9153
21213810 9153
21225765 9153
21239683 9153
21253547 9153
21267509 9153
21281689 9153
21295539 9153
21309042 9153
21323188 9153
21337871 9153
21353317 9153
21367235 9153
21379715 9153
21393483 9153
21407527 9153
21418885 9153
21432764 9153
21446749 9153
21460522 9153
21474130 9153
21488346 9153
21499475 9153
21512647 9153
21526261 9153
21538176 9153
21549285 9153
21562399 9153
21575192 9153
21589508 9153
21600442 9153
21616397 9153
21629929 9153
21640762 9153
21651699 9153
21664243 9153
21677885 9153
21691833 9153
21706378 9153
21720753 9153
21734738 9153
21748882 9153
21761969 9153
21776067 9153
21788994 9153
21805244 9153
21818648 9153
21833509 9153
21848715 9153
21862784 9153
21875063 9153
21886239 9153
21900479 9153
21914301 9153
21927306 9153
21938351 9153
21952587 9153
21966625 9153
21980177 9153
21993799 9153
22006562 9153
22020377 9153
22036027 9153
22049848 9153
22064454 9153
22078886 9153
22092345 9153
22106188 9153
22120274 9153
22134441 9153
22148959 9153
22162985 9153
22175957 9153
22190044 9153
22203843 9153
22216862 9153
22230538 9153
22241639 9153
22255400 9153
22269892 9153
22282895 9153
22294683 9153
22306480 9153
22318112 9153
22331114 9153
22342264 9153
22354792 9153
22366247 9153
22377121 9153
22390380 9153
22405601 9153
22418487 9153
22431602 9153
22445570 9153
22457691 9153
22469048 9153
22483248 9153
22494186 9153
22507954 9153
22521893 9153
22532933 9153
22544153 9153
22558084 9153
22570820 9153
22583113 9153
22597186 9153
22612140 9153
22626789 9153
22640918 9153
22657039 9153
22668639 9153
22682243 9153
22695425 9153
22709564 9153
22721883 9153
22735965 9153
22748309 9153
22762448 9153
22775481 9153
22789570 9153
22803470 9153
22814764 9153
22826239 9153
22840766 9153
22856279 9153
22867989 9153
22880279 9153
22895246 9153
22909353 9153
22923093 9153
22934319 9153
22946382 9153
22960335 9153
22974672 9153
22989365 9153
23003533 9153
23015029 9153
23028925 9153
23043238 9153
23056750 9153
23070615 9153
23083058 9153
23094683 9153
23106466 9153
23120548 9153
23132649 9153
23143839 9153
23157787 9153
23171464 9153
23185544 9153
23198263 9153
23212048 9153
23226599 9153
23241187 9153
23255421 9153
23268932 9153
23283166 9153
23295395 9153
23309537 9153
23321107 9153
23334768 9153
23348230 9153
23360166 9153
23374001 9153
23386577 9153
23400307 9153
23415443 9153
23426521 9153
23438846 9153
23452399 9153
23465053 9153
23475934 9153
23489768 9153
23503567 9153
23517429 9153
23531758 9153
23547066 9153
23560365 9153
23574701 9153
23588962 9153
23599901 9153
23613078 9153
23626761 9153
23640322 9153
23651402 9153
23665843 9153
23679060 9153
23692578 9153
23705067 9153
23718796 9153
23732428 9153
23746295 9153
23760205 9153
23775702 9153
23788374 9153
23799566 9153
23812747 9153
23825912 9153
23838811 9153
23850637 9153
23863900 9153
23875031 9153
23888806 9153
23899926 9153
23912942 9153
23926849 9153
23938198 9153
23951750 9153
23965877 9153
23976923 9153
23991267 9153
24004325 9153
24017659 9153
24031546 9153
24045535 9153
24056744 9153
24070898 9153
24084183 9153
24095165 9153
24109384 9153
24124097 9153
24138129 9153
24151082 9153
24166308 9153
24182303 9153
24194168 9153
24209799 9153
24223705 9153
24237485 9153
24251900 9153
24267757 9153
24278744 9153
24292928 9153
24308786 9153
24319804 9153
24333124 9153
24344459 9153
24358438 9153
24371184 9153
24385163 9153
24396396 9153
24408239 9153
24423735 9153
24437682 9153
24450529 9153
24464883 9153
24478379 9153
24491161 9153
24505025 9153
24518479 9153
24530485 9153
24545028 9153
24558967 9153
24573412 9153
24585231 9153
24599730 9153
24613477 9153
24624729 9153
24638779 9153
24652831 9153
24666245 9153
24678342 9153
24692334 9153
24706531 9153
24720065 9153
24734360 9153
24751391 9153
24768563 9153
24780149 9153
24794008 9153
24808258 9153
24820913 9153
24834532 9153
24848634 9153
24860193 9153
24873292 9153
24887430 9153
24900295 9153
24913816 9153
24925340 9153
24939747 9153
24951823 9153
24964881 9153
24978211 9153
24993112 9153
25005088 9153
25019605 9153
25033889 9153
25045722 9153
25059912 9153
25074122 9153
25087042 9153
25101604 9153
25116029 9153
25127058 9153
25140554 9153
25154875 9153
25169599 9153
25184044 9153
25196652 9153
25207640 9153
25219117 9153
25230803 9153
25243256 9153
25254657 9153
25265704 9153
25277588 9153
25291927 9153
25306068 9153
25321427 9153
25332587 9153
25346072 9153
25357480 9153
25371388 9153
25385397 9153
25399554 9153
25412853 9153
25427185 9153
25443653 9153
25459333 9153
25472484 9153
25485691 9153
25497558 9153
25511490 9153
25526455 9153
25542031 9153
25553410 9153
25567178 9153
25580643 9153
25593955 9153
25608221 9153
25622147 9153
25636139 9153
25649931 9153
25664394 9153
25677447 9153
25691408 9153
25705607 9153
25719248 9153
25733308 9153
25747166 9153
25762393 9153
25776453 9153
25791097 9153
25805204 9153
25819361 9153
25833674 9153
25847267 9153
25861131 9153
25873230 9153
25886614 9153
25898600 9153
25912492 9153
25926609 9153
25941183 9153
25955627 9153
25967308 9153
25980411 9153
25994267 9153
26008174 9153
26019934 9153
26031669 9153
26045653 9153
26056888 9153
26071569 9153
26085475 9153
26098809 9153
26112546 9153
26126410 9153
26140455 9153
26154905 9153
26169755 9153
26183994 9153
26197978 9153
26211604 9153
26223623 9153
26235075 9153
26247152 9153
26260304 9153
26274896 9153
26287820 9153
26301342 9153
26316044 9153
26329751 9153
26344393 9153
26357934 9153
26374270 9153
26388622 9153
26403049 9153
26414741 9153
26429113 9153
26443832 9153
26458115 9153
26472277 9153
26488134 9153
26501874 9153
26515079 9153
26528833 9153
26542737 9153
26556757 9153
26570415 9153
26581383 9153
26595178 9153
26609552 9153
26623041 9153
26637358 9153
26650648 9153
26666169 9153
26679849 9153
26694086 9153
26705713 9153
26717978 9153
26731699 9153
26744052 9153
26759739 9153
26773783 9153
26786579 9153
26800609 9153
26812100 9153
26822960 9153
26836889 9153
26848097 9153
26860285 9153
26873932 9153
26889562 9153
26900639 9153
26912253 9153
26926017 9153
26936823 9153
26950260 9153
26961238 9153
26974314 9153
26986137 9153
26998941 9153
27013471 9153
27025611 9153
27038976 9153
27052668 9153
27066907 9153
27080606 9153
27096398 9153
27109522 9153
27123038 9153
27136968 9153
27149732 9153
27163131 9153
27175350 9153
27188529 9153
27203529 9153
27216025 9153
27228877 9153
27243225 9153
27257502 9153
27270294 9153
27284315 9153
27298426 9153
27312205 9153
27325977 9153
27340067 9153
27353767 9153
27368172 9153
27383193 9153
27397313 9153
27410897 9153
27423044 9153
27436552 9153
27449896 9153
27463647 9153
27478114 9153
27492154 9153
27506467 9153
27518843 9153
27533768 9153
27548195 9153
27559433 9153
27573160 9153
27587269 9153
27601081 9153
27615211 9153
27629258 9153
27643258 9153
27657678 9153
27670517 9153
27684610 9153
27699932 9153
27713677 9153
27727511 9153
27741303 9153
27752673 9153
27766513 9153
27779833 9153
27793454 9153
27807155 9153
27822425 9153
27836534 9153
27850755 9153
27864400 9153
27875348 9153
27889524 9153
27902563 9153
27915313 9153
27929966 9153
27944960 9153
27958377 9153
27973442 9153
27988443 9153
28002722 9153
28016508 9153
28028701 9153
28041817 9153
28056672 9153
28071103 9153
28084881 9153
28098674 9153
28112785 9153
28129780 9153
28147325 9153
28159312 9153
28173780 9153
28188387 9153
28202422 9153
28213554 9153
28226624 9153
28240227 9153
28254641 9153
28267877 9153
28280691 9153
28292505 9153
28306556 9153
28319591 9153
28333594 9153
28346754 9153
28359271 9153
28372741 9153
28386820 9153
28400411 9153
28412115 9153
28425742 9153
28439660 9153
28453169 9153
28466533 9153
28479250 9153
28490173 9153
28503801 9153
28517235 9153
28528938 9153
28540682 9153
28553979 9153
28567850 9153
28579012 9153
28590247 9153
28603400 9153
28616995 9153
28630728 9153
28645028 9153
28657447 9153
28671168 9153
28684955 9153
28698254 9153
28712233 9153
28724130 9153
28738058 9153
28751663 9153
28766818 9153
28780505 9153
28796525 9153
28810066 9153
28823866 9153
28837770 9153
28849551 9153
28862247 9153
28875897 9153
28889790 9153
28903499 9153
28918917 9153
28930219 9153
28943926 9153
28958203 9153
28969614 9153
28983955 9153
28996735 9153
29008001 9153
29023418 9153
29037241 9153
29050910 9153
29064476 9153
29077447 9153
29089110 9153
29103431 9153
29117561 9153
29131946 9153
29146037 9153
29159847 9153
29173652 9153
29187905 9153
29201213 9153
29214236 9153
29225923 9153
29239612 9153
29252948 9153
29264794 9153
29278244 9153
29291024 9153
29303840 9153
29316507 9153
29330198 9153
29344328 9153
29358204 9153
29370053 9153
29381529 9153
29392486 9153
29407019 9153
29421032 9153
29432437 9153
29446374 9153
29457506 9153
29471352 9153
29482610 9153
29497224 9153
29510487 9153
29524799 9153
29537920 9153
29554019 9153
29568573 9153
29581444 9153
29594557 9153
29606743 9153
29618505 9153
29632746 9153
29644479 9153
29657896 9153
29671981 9153
29685193 9153
29699173 9153
29713803 9153
29727314 9153
29741588 9153
29757322 9153
29771328 9153
29783560 9153
29797596 9153
29811419 9153
29823183 9153
29835162 9153
29848157 9153
29862566 9153
29875490 9153
29886863 9153
29900902 9153
29914652 9153
29928835 9153
29940883 9153
29954584 9153
29969011 9153
29981178 9153
29993325 9153
30007267 9153
30022274 9153
30033859 9153
30047539 9153
30061796 9153
30074236 9153
30087712 9153
30103057 9153
30116740 9153
30129978 9153
30143860 9153
30158300 9153
30170444 9153
30184181 9153
30198211 9153
30209993 9153
30223431 9153
30234480 9153
30245564 9153
30257222 9153
30268513 9153
30282119 9153
30295549 9153
30307707 9153
30321717 9153
30335420 9153
30349359 9153
30363620 9153
30377988 9153
30389837 9153
30401797 9153
30412914 9153
30424971 9153
30436248 9153
30450682 9153
30464490 9153
30478202 9153
30492297 9153
30503148 9153
30514427 9153
30528803 9153
30542524 9153
30554532 9153
30567399 9153
30579388 9153
30590740 9153
30603203 9153
30614453 9153
30627653 9153
30641763 9153
30655192 9153
30668333 9153
30682628 9153
30694719 9153
30706642 9153
30718568 9153
30734471 9153
30750832 9153
30763570 9153
30777725 9153
30791300 9153
30804537 9153
30818308 9153
30832169 9153
30843577 9153
30855009 9153
30868825 9153
30882011 9153
30893865 9153
30906805 9153
30920720 9153
30934255 9153
30948206 9153
30961621 9153
30975629 9153
30990115 9153
31004667 9153
31018235 9153
31032430 9153
31045555 9153
31059610 9153
31072740 9153
31086378 9153
31100052 9153
31116473 9153
31129623 9153
31140864 9153
31154706 9153
31167505 9153
31181381 9153
31192646 9153
31206129 9153
31220019 9153
31234605 9153
31248454 9153
31262954 9153
31276370 9153
31290627 9153
31304269 9153
31318151 9153
31332258 9153
31346512 9153
31360425 9153
31374752 9153
31387982 9153
31400471 9153
31414394 9153
31431180 9153
31444576 9153
31459255 9153
31470718 9153
31484133 9153
31496026 9153
31506825 9153
31518407 9153
31530630 9153
31542577 9153
31557508 9153
31570931 9153
31583568 9153
31594857 9153
31608348 9153
31622648 9153
31637935 9153
31651897 9153
31666080 9153
31676957 9153
31687882 9153
31701984 9153
31713885 9153
31727312 9153
31740886 9153
31753105 9153
31764334 9153
31778669 9153
31791683 9153
31806021 9153
31819503 9153
31833606 9153
31847990 9153
31860686 9153
31874226 9153
31887878 9153
31901520 9153
31914798 9153
31928095 9153
31939635 9153
31954203 9153
31968559 9153
31982427 9153
31994470 9153
32008625 9153
32023084 9153
32035026 9153
32048516 9153
32062539 9153
32079217 9153
32092307 9153
32103389 9153
32116549 9153
32128063 9153
32141221 9153
32155215 9153
32169643 9153
32184837 9153
32197290 9153
32211687 9153
32227055 9153
32241147 9153
32253186 9153
32265254 9153
32279548 9153
32290958 9153
32304564 9153
32318251 9153
32330026 9153
32343928 9153
32357787 9153
32372094 9153
32385791 9153
32397194 9153
32410477 9153
32424232 9153
32438015 9153
32451374 9153
32464826 9153
32478302 9153
32493963 9153
32507362 9153
32521223 9153
32536282 9153
32549941 9153
32561055 9153
32575021 9153
32586665 9153
32597969 9153
32609792 9153
32623098 9153
32636903 9153
32650330 9153
32664031 9153
32676858 9153
32690449 9153
32704188 9153
32717935 9153
32731376 9153
32745077 9153
32758696 9153
32772581 9153
32786225 9153
32799564 9153
32813804 9153
32824869 9153
32839334 9153
32853663 9153
32864873 9153
32878883 9153
32892911 9153
32906805 9153
32920292 9153
32934416 9153
32949162 9153
32962007 9153
32975892 9153
32988960 9153
33000904 9153
33015215 9153
33029503 9153
33043240 9153
33059188 9153
33070616 9153
33084597 9153
33098207 9153
33109967 9153
33124033 9153
33139888 9153
33154023 9153
33168175 9153
33182013 9153
33196315 9153
33210065 9153
33221153 9153
33234853 9153
33249755 9153
33263215 9153
33276656 9153
33288273 9153
33302943 9153
33316981 9153
33331093 9153
33342183 9153
33353163 9153
33367631 9153
33382076 9153
33393399 9153
33404343 9153
33415848 9153
33429198 9153
33442085 9153
33455541 9153
33469479 9153
33482749 9153
33497079 9153
33511123 9153
33525377 9153
33536341 9153
33549419 9153
33563452 9153
33576092 9153
33589976 9153
33603813 9153
33617818 9153
33631101 9153
33644144 9153
33658677 9153
33673588 9153
33687210 9153
33699938 9153
33715527 9153
33728558 9153
33743498 9153
33757382 9153
33769381 9153
33780321 9153
33792232 9153
33803402 9153
33816577 9153
33832754 9153
33844045 9153
33856038 9153
33869680 9153
33883034 9153
33896310 9153
33910346 9153
33921612 9153
33933142 9153
33944040 9153
33957020 9153
33971174 9153
33986263 9153
33998955 9153
34011153 9153
34024642 9153
34038535 9153
34052189 9153
34065806 9153
34079547 9153
34095141 9153
34106550 9153
34117343 9153
34131283 9153
34145682 9153
34160335 9153
34171405 9153
34186777 9153
34197898 9153
34212269 9153
34226417 9153
34240601 9153
34254106 9153
34267809 9153
34283796 9153
34297344 9153
34311483 9153
34325411 9153
34339469 9153
34355298 9153
34367016 9153
34380696 9153
34394417 9153
34408766 9153
34422744 9153
34436820 9153
34449984 9153
34464066 9153
34478398 9153
34492182 9153
34503804 9153
34519829 9153
34532618 9153
34548470 9153
34562901 9153
34576623 9153
34589936 9153
34603531 9153
34617067 9153
34628281 9153
34642297 9153
34656202 9153
34669977 9153
34682591 9153
34696362 9153
34709481 9153
34722066 9153
34734146 9153
34745388 9153
34758789 9153
34770990 9153
34784858 9153
34800721 9153
34816710 9153
34830217 9153
34844682 9153
34858595 9153
34871367 9153
34883988 9153
34898013 9153
34910144 9153
34924138 9153
34937243 9153
34951505 9153
34965287 9153
34976458 9153
34987476 9153
35001790 9153
35013583 9153
35027214 9153
35040181 9153
35054002 9153
35068241 9153
35080671 9153
35091823 9153
35105867 9153
35119962 9153
35134920 9153
35149533 9153
35164481 9153
35179015 9153
35194544 9153
35207611 9153
35221754 9153
35235416 9153
35247557 9153
35261866 9153
35276376 9153
35289986 9153
35304168 9153
35317795 9153
35331500 9153
35345746 9153
35360330 9153
35374672 9153
35388269 9153
35402643 9153
35417107 9153
35428461 9153
35441530 9153
35453403 9153
35467380 9153
35484660 9153
35498635 9153
35512385 9153
35526357 9153
35541151 9153
35556386 9153
35569700 9153
35585514 9153
35599914 9153
35613950 9153
35629568 9153
35642882 9153
35654801 9153
35668924 9153
35680292 9153
35694427 9153
35709687 9153
35724519 9153
35738686 9153
35752914 9153
35764382 9153
35777742 9153
35791117 9153
35802872 9153
35814511 9153
35826433 9153
35838931 9153
35852064 9153
35865103 9153
35879398 9153
35893413 9153
35907773 9153
35921290 9153
35932500 9153
35944778 9153
35958266 9153
35971949 9153
35985114 9153
35998983 9153
36012255 9153
36024683 9153
36038059 9153
36051276 9153
36067839 9153
36083223 9153
36098190 9153
36112436 9153
36125880 9153
36139632 9153
36154204 9153
36168209 9153
36181687 9153
36195398 9153
36209229 9153
36223451 9153
36234570 9153
36248462 9153
36263811 9153
36277391 9153
36291676 9153
36305701 9153
36318939 9153
36332913 9153
36346499 9153
36360882 9153
36374842 9153
36389332 9153
36402126 9153
36416314 9153
36430141 9153
36444029 9153
36457358 9153
36471463 9153
36486000 9153
36500028 9153
36513537 9153
36527740 9153
36538788 9153
36552694 9153
36563820 9153
36576863 9153
36590865 9153
36604046 9153
36618004 9153
36630851 9153
36645261 9153
36657554 9153
36671248 9153
36684574 9153
36698061 9153
36712326 9153
36726772 9153
36740371 9153
36753861 9153
36766506 9153
36780997 9153
36794348 9153
36808447 9153
36823103 9153
36834558 9153
36848458 9153
36861491 9153
36875401 9153
36889631 9153
36903832 9153
36918054 9153
36932970 9153
36947009 9153
36960619 9153
36971812 9153
36986116 9153
37002222 9153
37015373 9153
37028584 9153
37040224 9153
37053244 9153
37066555 9153
37080326 9153
37091319 9153
37103300 9153
37115976 9153
37129962 9153
37142751 9153
37157060 9153
37168247 9153
37179312 9153
37193115 9153
37204664 9153
37217551 9153
37228476 9153
37241482 9153
37252575 9153
37265774 9153
37279711 9153
37295501 9153
37308586 9153
37320742 9153
37333944 9153
37347021 9153
37359965 9153
37374175 9153
37387851 9153
37401852 9153
37413279 9153
37427282 9153
37442485 9153
37455855 9153
37469845 9153
37483422 9153
37494837 9153
37507502 9153
37519087 9153
37530661 9153
37544922 9153
37559208 9153
37572860 9153
37585028 9153
37596133 9153
37610021 9153
37625473 9153
37636692 9153
37649783 9153
37661707 9153
37675882 9153
37690136 9153
37704729 9153
37715751 9153
37727651 9153
37741557 9153
37756110 9153
37769307 9153
37784645 9153
37798430 9153
37813119 9153
37827005 9153
37841419 9153
37855563 9153
37869808 9153
37883603 9153
37898058 9153
37912954 9153
37926513 9153
37940143 9153
37952786 9153
37968254 9153
37982082 9153
37996003 9153
38007180 9153
38021072 9153
38034330 9153
38047643 9153
38060992 9153
38073500 9153
38087227 9153
38100676 9153
38114078 9153
38128199 9153
38139646 9153
38150747 9153
38165043 9153
38178963 9153
38193954 9153
38208307 9153
38221839 9153
38234122 9153
38246524 9153
38260698 9153
38274421 9153
38287878 9153
38302099 9153
38314089 9153
38327693 9153
38341724 9153
38353140 9153
38365468 9153
38378860 9153
38390103 9153
38404732 9153
38418846 9153
38430979 9153
38442178 9153
38456108 9153
38468620 9153
38483012 9153
38497539 9153
38508713 9153
38522285 9153
38536755 9153
38549715 9153
38563542 9153
38576649 9153
38590334 9153
38601541 9153
38615381 9153
38629509 9153
38643546 9153
38657828 9153
38671795 9153
38685875 9153
38698264 9153
38712311 9153
38724940 9153
38738694 9153
38752626 9153
38766244 9153
38777174 9153
38789839 9153
38800926 9153
38813204 9153
38828863 9153
38843571 9153
38854950 9153
38868111 9153
38882114 9153
38893847 9153
38904913 9153
38916945 9153
38930178 9153
38943491 9153
38954499 9153
38968268 9153
38980494 9153
38991821 9153
39002936 9153
39016755 9153
39028135 9153
39042108 9153
39056124 9153
39067156 9153
39081365 9153
39095306 9153
39109557 9153
39121635 9153
39135132 9153
39148518 9153
39162399 9153
39176728 9153
39191056 9153
39204298 9153
39215294 9153
39226359 9153
39237483 9153
39250109 9153
39263963 9153
39278095 9153
39289071 9153
39302968 9153
39317892 9153
39331252 9153
39345163 9153
39359564 9153
39373448 9153
39385516 9153
39399204 9153
39412853 9153
39426478 9153
39438836 9153
39452638 9153
39466519 9153
39479533 9153
39493456 9153
39504866 9153
39515929 9153
39529304 9153
39541499 9153
39555270 9153
39566663 9153
39580473 9153
39593551 9153
39605265 9153
39618533 9153
39632873 9153
39648515 9153
39662775 9153
39676054 9153
39690112 9153
39704206 9153
39718406 9153
39732046 9153
39745427 9153
39759240 9153
39771090 9153
39782348 9153
39795291 9153
39806691 9153
39820467 9153
39834337 9153
39847616 9153
39861522 9153
39875256 9153
39889987 9153
39905176 9153
39919372 9153
39934267 9153
39947494 9153
39961887 9153
39973911 9153
39985082 9153
39999514 9153
40013589 9153
40026866 9153
40040147 9153
40053095 9153
40064254 9153
40077934 9153
40088951 9153
40102733 9153
40113848 9153
40128186 9153
40142005 9153
40155528 9153
40168815 9153
40183020 9153
40195449 9153
40209038 9153
40223557 9153
40237523 9153
40250442 9153
40263403 9153
40277380 9153
40288421 9153
40301665 9153
40312661 9153
40326163 9153
40338935 9153
40352852 9153
40367637 9153
40381489 9153
40395065 9153
40409040 9153
40420740 9153
40432328 9153
40446401 9153
40460125 9153
40471863 9153
40485721 9153
40496773 9153
40510474 9153
40523140 9153
40535093 9153
40546884 9153
40560011 9153
40573858 9153
40585171 9153
40596322 9153
40610034 9153
40623831 9153
40634955 9153
40648818 9153
40663061 9153
40676173 9153
40690122 9153
40704017 9153
40717451 9153
40728677 9153
40741699 9153
40756328 9153
40770422 9153
40786389 9153
40799874 9153
40813580 9153
40824689 9153
40838314 9153
40851976 9153
40865520 9153
40879985 9153
40894511 9153
40908197 9153
40920621 9153
40934131 9153
40948341 9153
40965041 9153
40976103 9153
40988883 9153
41002492 9153
41014461 9153
41026417 9153
41040252 9153
41054195 9153
41067296 9153
41083718 9153
41097443 9153
41109608 9153
41120608 9153
41135462 9153
41146712 9153
41160492 9153
41174342 9153
41188365 9153
41202418 9153
41217227 9153
41228474 9153
41241389 9153
41255571 9153
41267233 9153
41281151 9153
41295045 9153
41309069 9153
41323000 9153
41336244 9153
41349519 9153
41365609 9153
41377601 9153
41390879 9153
41405116 9153
41416250 9153
41432123 9153
41447914 9153
41459894 9153
41471380 9153
41484825 9153
41498994 9153
41512980 9153
41528990 9153
41540885 9153
41554553 9153
41568632 9153
41585356 9153
41596816 9153
41610619 9153
41622599 9153
41636911 9153
41648799 9153
41660563 9153
41672288 9153
41683892 9153
41698202 9153
41713455 9153
41725524 9153
41739012 9153
41750923 9153
41764267 9153
41777917 9153
41792179 9153
41809847 9153
41823946 9153
41838280 9153
41851847 9153
41865763 9153
41877342 9153
41891242 9153
41905761 9153
41917149 9153
41930788 9153
41942540 9153
41955959 9153
41969814 9153
41980930 9153
41992589 9153
42004733 9153
42020288 9153
42032628 9153
42045724 9153
42060318 9153
42073884 9153
42088344 9153
42100876 9153
42114005 9153
42127793 9153
42142551 9153
42156192 9153
42170035 9153
42184853 9153
42198618 9153
42212426 9153
42224268 9153
42238340 9153
42249916 9153
42262979 9153
42273913 9153
42285953 9153
42300790 9153
42314326 9153
42326037 9153
42338717 9153
42350285 9153
42364876 9153
42376482 9153
42387557 9153
42400444 9153
42411759 9153
42422657 9153
42434750 9153
42446574 9153
42460082 9153
42470971 9153
42484764 9153
42500625 9153
42513978 9153
42527040 9153
42540946 9153
42555023 9153
42569565 9153
42581119 9153
42593691 9153
42605898 9153
42616854 9153
42630158 9153
42642225 9153
42657171 9153
42670869 9153
42683893 9153
42695370 9153
42709060 9153
42723574 9153
42738066 9153
42750367 9153
42764070 9153
42777911 9153
42794819 9153
42808006 9153
42823612 9153
42837335 9153
42851178 9153
42864992 9153
42879441 9153
42893442 9153
42906363 9153
42922491 9153
42934026 9153
42947980 9153
42961493 9153
42975964 9153
42987858 9153
42998779 9153
43010883 9153
43024439 9153
43038241 9153
43052126 9153
43065667 9153
43080332 9153
43091669 9153
43104879 9153
43118621 9153
43133715 9153
43146871 9153
43158384 9153
43169463 9153
43182737 9153
43196925 9153
43212403 9153
43224008 9153
43235997 9153
43248006 9153
43260865 9153
43273516 9153
43284670 9153
43296873 9153
43307811 9153
43320461 9153
43333912 9153
43348232 9153
43360115 9153
43374204 9153
43385479 9153
43396983 9153
43408084 9153
43421982 9153
43435269 9153
43449201 9153
43460830 9153
43472652 9153
43486717 9153
43501038 9153
43514811 9153
43527628 9153
43539463 9153
43550922 9153
43562839 9153
43577072 9153
43594808 9153
43608895 9153
43623642 9153
43638151 9153
43651908 9153
43663134 9153
43677309 9153
43690805 9153
43705128 9153
43718945 9153
43732615 9153
43746657 9153
43759450 9153
43770536 9153
43781530 9153
43795975 9153
43807671 9153
43820543 9153
43834962 9153
43849099 9153
43862851 9153
43873816 9153
43888025 9153
43902288 9153
43913649 9153
43924734 9153
43935836 9153
43950083 9153
43962584 9153
43973755 9153
43987424 9153
43999649 9153
44013447 9153
44024812 9153
44035704 9153
44049467 9153
44060559 9153
44074914 9153
44088560 9153
44100469 9153
44114790 9153
44128924 9153
44143523 9153
44156990 9153
44171466 9153
44185561 9153
44200900 9153
44218455 9153
44233191 9153
44247191 9153
44258161 9153
44271680 9153
44282683 9153
44294521 9153
44306012 9153
44317802 9153
44331422 9153
44345514 9153
44360319 9153
44374472 9153
44388441 9153
44400390 9153
44414398 9153
44428539 9153
44441164 9153
44455440 9153
44468061 9153
44481343 9153
44495082 9153
44508368 9153
44521494 9153
44535236 9153
44549609 9153
44564631 9153
44576032 9153
44587697 9153
44601613 9153
44613597 9153
44627750 9153
44638778 9153
44651838 9153
44663732 9153
44675534 9153
44689813 9153
44703661 9153
44719898 9153
44736106 9153
44750782 9153
44766389 9153
44781384 9153
44793930 9153
44806349 9153
44817439 9153
44829224 9153
44843044 9153
44856900 9153
44868170 9153
44882113 9153
44896466 9153
44910885 9153
44924140 9153
44938395 9153
44951798 9153
44964948 9153
44978727 9153
44992509 9153
45006768 9153
45021594 9153
45034486 9153
45048892 9153
45062429 9153
45075963 9153
45090205 9153
45104034 9153
45117826 9153
45131703 9153
45144744 9153
45158986 9153
45172586 9153
45183857 9153
45197765 9153
45211426 9153
45224324 9153
45235283 9153
45246281 9153
45259701 9153
45273180 9153
45284207 9153
45297771 9153
45311445 9153
45325651 9153
45341185 9153
45355098 9153
45368905 9153
45380002 9153
45393865 9153
45408132 9153
45420408 9153
45434443 9153
45448346 9153
45461778 9153
45472712 9153
45484260 9153
45496953 9153
45510470 9153
45523989 9153
45538572 9153
45551561 9153
45565456 9153
45579782 9153
45591121 9153
45602247 9153
45616395 9153
45630476 9153
45644211 9153
45658436 9153
45671570 9153
45687430 9153
45699240 9153
45712758 9153
45726697 9153
45740545 9153
45751366 9153
45765628 9153
45780500 9153
45794312 9153
45807326 9153
45821224 9153
45834021 9153
45847979 9153
45862196 9153
45876125 9153
45889999 9153
45903871 9153
45917776 9153
45930939 9153
45945284 9153
45958218 9153
45972209 9153
45986970 9153
45998043 9153
46011157 9153
46025332 9153
46038482 9153
46051420 9153
46063456 9153
46075647 9153
46088956 9153
46102351 9153
46116140 9153
46130321 9153
46142385 9153
46155929 9153
46169810 9153
46184159 9153
46197281 9153
46210921 9153
46224825 9153
46238940 9153
46252910 9153
46264086 9153
46275664 9153
46287760 9153
46301859 9153
46314954 9153
46326698 9153
46338174 9153
46351853 9153
46368336 9153
46382984 9153
46397174 9153
46410279 9153
46425188 9153
46436966 9153
46450063 9153
46463796 9153
46477649 9153
46491840 9153
46505940 9153
46520052 9153
46531082 9153
46545554 9153
46559730 9153
46571346 9153
46585383 9153
46600147 9153
46614639 9153
46629155 9153
46643183 9153
46654383 9153
46666283 9153
46677335 9153
46691663 9153
46704758 9153
46716335 9153
46730856 9153
46745262 9153
46759777 9153
46773335 9153
46787026 9153
46801118 9153
46815133 9153
46827528 9153
46842936 9153
46856021 9153
46868799 9153
46880814 9153
46892002 9153
46903348 9153
46919067 9153
46933118 9153
46944311 9153
46955482 9153
46969177 9153
46980568 9153
46993422 9153
47006293 9153
47019208 9153
47033384 9153
47047392 9153
47059612 9153
47071280 9153
47082602 9153
47096909 9153
47110689 9153
47121887 9153
47136384 9153
47147962 9153
47160535 9153
47171632 9153
47184537 9153
47198338 9153
47211310 9153
47224059 9153
47237731 9153
47250843 9153
47266658 9153
47280930 9153
47294991 9153
47309286 9153
47323063 9153
47334449 9153
47347575 9153
47362153 9153
47373289 9153
47385391 9153
47396603 9153
47410480 9153
47424340 9153
47438131 9153
47452133 9153
47465308 9153
47476608 9153
47489859 9153
47504057 9153
47518028 9153
47532282 9153
47545902 9153
47559823 9153
47575895 9153
47589040 9153
47603600 9153
47617390 9153
47631225 9153
47642364 9153
47655764 9153
47666894 9153
47680584 9153
47694034 9153
47707902 9153
47718858 9153
47731535 9153
47745329 9153
47758543 9153
47772988 9153
47787789 9153
47802477 9153
47816447 9153
47829373 9153
47843926 9153
47859918 9153
47874298 9153
47888535 9153
47902501 9153
47915739 9153
47929255 9153
47943241 9153
47956695 9153
47968777 9153
47981750 9153
47995314 9153
48011271 9153
48025262 9153
48039086 9153
48053162 9153
48064371 9153
48076383 9153
48090393 9153
48104622 9153
48119958 9153
48132895 9153
48146671 9153
48160735 9153
48172108 9153
48185187 9153
48199327 9153
48214677 9153
48227998 9153
48242542 9153
48255925 9153
48268883 9153
48283070 9153
48299669 9153
48312981 9153
48326374 9153
48339346 9153
48353332 9153
48366965 9153
48381235 9153
48394520 9153
48409900 9153
48420968 9153
48431938 9153
48447782 9153
48462931 9153
48475986 9153
48488279 9153
48499867 9153
48513908 9153
48527745 9153
48541673 9153
48555727 9153
48571770 9153
48585332 9153
48601337 9153
48615603 9153
48629498 9153
48643623 9153
48658549 9153
48670862 9153
48684544 9153
48699369 9153
48713215 9153
48726411 9153
48740082 9153
48751462 9153
48764263 9153
48775150 9153
48789025 9153
48800339 9153
48813126 9153
48826879 9153
48841011 9153
48853442 9153
48865828 9153
48879288 9153
48893430 9153
48907399 9153
48920497 9153
48935511 9153
48949274 9153
48963786 9153
48977945 9153
48992881 9153
49004955 9153
49016019 9153
49031084 9153
49042270 9153
49057943 9153
49069884 9153
49082840 9153
49096076 9153
49109238 9153
49120306 9153
49134074 9153
49147272 9153
49161011 9153
49174800 9153
49186878 9153
49198202 9153
49211513 9153
49225246 9153
49239528 9153
49253247 9153
49266426 9153
49279174 9153
49295095 9153
49307770 9153
49321891 9153
49336424 9153
49348462 9153
49362876 9153
49375614 9153
49386575 9153
49400996 9153
49413628 9153
49427746 9153
49441697 9153
49457201 9153
49470334 9153
49481538 9153
49494978 9153
49508439 9153
49521872 9153
49535158 9153
49546180 9153
49559531 9153
49571382 9153
49583239 9153
49596859 9153
49609866 9153
49624365 9153
49638397 9153
49649607 9153
49663651 9153
49677577 9153
49689601 9153
49703649 9153
49714899 9153
49728547 9153
49739970 9153
49753818 9153
49766943 9153
49780862 9153
49794185 9153
49807525 9153
49820769 9153
49832249 9153
49845998 9153
49859601 9153
49873398 9153
49887251 9153
49903720 9153
49917071 9153
49932059 9153
49943814 9153
49957916 9153
49971915 9153
49989572 9153
50006666 9153
50020417 9153
50034363 9153
50049086 9153
50060918 9153
50074762 9153
50086136 9153
50099304 9153
50112552 9153
50123822 9153
50134846 9153
50149295 9153
50162738 9153
50176351 9153
50190426 9153
50201500 9153
50215342 9153
50229630 9153
50240759 9153
50254641 9153
50268866 9153
50281595 9153
50294650 9153
50307846 9153
50323766 9153
50337379 9153
50351257 9153
50365214 9153
50376466 9153
50391267 9153
50403355 9153
50417577 9153
50430626 9153
50444384 9153
50458370 9153
50470635 9153
50484280 9153
50495341 9153
50506605 9153
50520934 9153
50533519 9153
50547973 9153
50560307 9153
50574212 9153
50588648 9153
50602379 9153
50615332 9153
50628509 9153
50644691 9153
50659078 9153
50673096 9153
50688557 9153
50702975 9153
50716146 9153
50727584 9153
50740983 9153
50754227 9153
50765356 9153
50780204 9153
50795916 9153
50808218 9153
50819349 9153
50832886 9153
50845912 9153
50860284 9153
50871876 9153
50884239 9153
50896320 9153
50908719 9153
50921937 9153
50935997 9153
50947789 9153
50961833 9153
50973124 9153
50987419 9153
51001176 9153
51015381 9153
51030052 9153
51044229 9153
51057362 9153
51070682 9153
51086803 9153
51100893 9153
51115104 9153
51126187 9153
51137373 9153
51148693 9153
51159811 9153
51171254 9153
51182341 9153
51196389 9153
51210550 9153
51223967 9153
51237461 9153
51248640 9153
51260350 9153
51274286 9153
51285314 9153
51299043 9153
51310144 9153
51324324 9153
51336819 9153
51349801 9153
51362116 9153
51374122 9153
51385121 9153
51397977 9153
51413425 9153
51427592 9153
51441018 9153
51454284 9153
51467776 9153
51481386 9153
51495514 9153
51507402 9153
51518873 9153
51532766 9153
51545548 9153
51558681 9153
51572208 9153
51586365 9153
51597351 9153
51611430 9153
51625734 9153
51638659 9153
51652651 9153
51666704 9153
51680333 9153
51694315 9153
51707117 9153
51721254 9153
51735077 9153
51747304 9153
51761409 9153
51775970 9153
51787957 9153
51799941 9153
51813919 9153
51828630 9153
51842541 9153
51857248 9153
51868228 9153
51880472 9153
51893906 9153
51909457 9153
51922458 9153
51936650 9153
51949909 9153
51963772 9153
51975759 9153
51989189 9153
52003676 9153
52016616 9153
52030515 9153
52045194 9153
52056583 9153
52070027 9153
52083865 9153
52097794 9153
52112370 9153
52127093 9153
52141308 9153
52155027 9153
52168357 9153
52180391 9153
52194118 9153
52205221 9153
52218955 9153
52232931 9153
52250317 9153
52265010 9153
52276715 9153
52290801 9153
52304010 9153
52316179 9153
52329589 9153
52343376 9153
52356641 9153
52369315 9153
52383307 9153
52397608 9153
52411259 9153
52422451 9153
52436231 9153
52451582 9153
52466210 9153
52478296 9153
52491179 9153
52505357 9153
52518633 9153
52530272 9153
52545080 9153
52559267 9153
52572891 9153
52584771 9153
52598593 9153
52610036 9153
52624018 9153
52636718 9153
52649601 9153
52660459 9153
52674174 9153
52687477 9153
52699177 9153
52712329 9153
52726871 9153
52741010 9153
52754677 9153
52765702 9153
52779543 9153
52793582 9153
52809887 9153
52823476 9153
52837530 9153
52849543 9153
52863735 9153
52875264 9153
52886594 9153
52898264 9153
52910500 9153
52924164 9153
52938790 9153
52952253 9153
52966244 9153
52979848 9153
52992990 9153
53007067 9153
53021132 9153
53034467 9153
53048452 9153
53059571 9153
53075318 9153
53088585 9153
53102800 9153
53116862 9153
53131276 9153
53144206 9153
53158257 9153
53169180 9153
53182911 9153
53198775 9153
53215784 9153
53226764 9153
53240968 9153
53258923 9153
53273591 9153
53286480 9153
53299878 9153
53314370 9153
53328322 9153
53340003 9153
53351990 9153
53367535 9153
53383471 9153
53396273 9153
53410620 9153
53427051 9153
53439547 9153
53453065 9153
53466951 9153
53480761 9153
53495805 9153
53511930 9153
53525077 9153
53537482 9153
53550699 9153
53564496 9153
53580352 9153
53594349 9153
53605953 9153
53620137 9153
53634098 9153
53648181 9153
53659967 9153
53673268 9153
53687951 9153
53701970 9153
53715003 9153
53727240 9153
53741879 9153
53756477 9153
53772313 9153
53785778 9153
53797484 9153
53808697 9153
53821898 9153
53834076 9153
53845811 9153
53859008 9153
53874997 9153
53888203 9153
53899740 9153
53913754 9153
53928750 9153
53942287 9153
53956289 9153
53970415 9153
53986498 9153
54000360 9153
54013954 9153
54024878 9153
54036544 9153
54050068 9153
54063289 9153
54074467 9153
54088003 9153
54101241 9153
54114843 9153
54128794 9153
54142806 9153
54156549 9153
54170376 9153
54181852 9153
54193728 9153
54207539 9153
54221492 9153
54233118 9153
54246902 9153
54261770 9153
54275573 9153
54287458 9153
54299526 9153
54313698 9153
54328126 9153
54342149 9153
54354413 9153
54365328 9153
54378679 9153
54392460 9153
54403835 9153
54417730 9153
54430906 9153
54443361 9153
54459220 9153
54473504 9153
54485916 9153
54496850 9153
54510808 9153
54523017 9153
54534463 9153
54548397 9153
54562472 9153
54576724 9153
54590679 9153
54605058 9153
54617899 9153
54630792 9153
54642996 9153
54656749 9153
54669629 9153
54681474 9153
54695843 9153
54709046 9153
54720247 9153
54732712 9153
54746327 9153
54758299 9153
54772083 9153
54784154 9153
54797851 9153
54811539 9153
54825682 9153
54838904 9153
54852500 9153
54866471 9153
54880587 9153
54896585 9153
54908843 9153
54920921 9153
54934646 9153
54948682 9153
54962366 9153
54973434 9153
54988358 9153
55001622 9153
55012941 9153
55026697 9153
55038653 9153
55050231 9153
55064772 9153
55078666 9153
55092982 9153
55107156 9153
55120765 9153
55134611 9153
55147273 9153
55160542 9153
55174331 9153
55188835 9153
55201497 9153
55214343 9153
55228159 9153
55242223 9153
55256174 9153
55268090 9153
55281755 9153
55294856 9153
55308950 9153
55323223 9153
55337953 9153
55350759 9153
55364147 9153
55377281 9153
55392624 9153
55406562 9153
55420721 9153
55433882 9153
55447467 9153
55460947 9153
55475237 9153
55489162 9153
55501016 9153
55512091 9153
55525558 9153
55536558 9153
55550777 9153
55561990 9153
55576183 9153
55589259 9153
55603254 9153
55616562 9153
55629619 9153
55640573 9153
55652214 9153
55663210 9153
55674349 9153
55688757 9153
55699922 9153
55713936 9153
55728031 9153
55743659 9153
55755880 9153
55770597 9153
55784227 9153
55798343 9153
55812910 9153
55826538 9153
55840970 9153
55852647 9153
55865650 9153
55880032 9153
55894409 9153
55910370 9153
55925645 9153
55936822 9153
55951041 9153
55965075 9153
55979130 9153
55993393 9153
56006984 9153
56019643 9153
56034178 9153
56046822 9153
56059999 9153
56071004 9153
56082649 9153
56096903 9153
56111756 9153
56125634 9153
56139783 9153
56153803 9153
56168162 9153
56180137 9153
56193946 9153
56207160 9153
56221480 9153
56236430 9153
56251065 9153
56265437 9153
56277525 9153
56290398 9153
56301689 9153
56313005 9153
56327051 9153
56340866 9153
56355412 9153
56370972 9153
56385897 9153
56397960 9153
56409719 9153
56420690 9153
56434552 9153
56449417 9153
56463541 9153
56477410 9153
56489247 9153
56501121 9153
56514921 9153
56529121 9153
56543436 9153
56557372 9153
56570927 9153
56584308 9153
56598559 9153
56612899 9153
56626589 9153
56639949 9153
56651756 9153
56664417 9153
56676331 9153
56687414 9153
56702683 9153
56718075 9153
56732136 9153
56746103 9153
56757082 9153
56769215 9153
56782883 9153
56797008 9153
56810471 9153
56822616 9153
56837091 9153
56850129 9153
56862386 9153
56875333 9153
56888701 9153
56900105 9153
56914464 9153
56928144 9153
56941024 9153
56955353 9153
56969949 9153
56986497 9153
57000404 9153
57014111 9153
57028407 9153
57041482 9153
57054622 9153
57066827 9153
57080572 9153
57097520 9153
57112792 9153
57127254 9153
57140341 9153
57151457 9153
57164987 9153
57176413 9153
57188622 9153
57200398 9153
57213350 9153
57227931 9153
57241526 9153
57255183 9153
57269544 9153
57283323 9153
57297641 9153
57311395 9153
57324138 9153
57337947 9153
57351344 9153
57364122 9153
57377710 9153
57390966 9153
57403915 9153
57421054 9153
57434709 9153
57446890 9153
57458337 9153
57471580 9153
57484706 9153
57498235 9153
57512874 9153
57528185 9153
57540483 9153
57553520 9153
57567491 9153
57581722 9153
57596018 9153
57610231 9153
57624278 9153
57639671 9153
57654083 9153
57668029 9153
57680566 9153
57693948 9153
57706151 9153
57719706 9153
57732888 9153
57747131 9153
57761096 9153
57775622 9153
57790730 9153
57803655 9153
57817754 9153
57831953 9153
57845256 9153
57856357 9153
57869767 9153
57883875 9153
57897608 9153
57909403 9153
57924053 9153
57938021 9153
57951975 9153
57966829 9153
57981280 9153
57995352 9153
58008405 9153
58019876 9153
58033515 9153
58047584 9153
58061864 9153
58075417 9153
58088273 9153
58102392 9153
58116678 9153
58132673 9153
58145840 9153
58158828 9153
58172654 9153
58186592 9153
58198113 9153
58210948 9115
58224060 9115
58238438 9089
58252057 9089
58266019 9089
58280110 9089
58293466 9019
58306485 9019
58318242 9019
58329954 9019
58342955 9019
58357676 9019
58371577 9019
58385240 9019
58401225 9019
58415936 9019
58430905 9019
58445930 9019
58461176 9019
58474198 9019
58487118 9019
58501218 9019
58512205 9019
58525099 9019
58537868 9019
58551350 9019
58565155 9019
58576109 9019
58590440 9019
58601461 9019
58615378 9019
58628192 9019
58640951 9019
58653611 9019
58667848 9019
58681563 9019
58695803 9019
58707583 9019
58720732 9019
58734381 9019
58748094 9019
58761734 9019
58775770 9019
58786804 9019
58797798 9019
58812282 9019
58825365 9019
58837115 9019
58851038 9019
58865361 9019
58880476 9019
58895331 9019
58908798 9019
58920600 9019
58932907 9019
58947424 9019
58961836 9019
58975677 9019
58987037 9019
59001526 9019
59014102 9019
59027683 9019
59042256 9019
59055736 9019
59069789 9019
59084549 9019
59101515 9019
59112582 9019
59126704 9019
59139790 9019
59153947 9019
59168344 9019
59183084 9019
59196992 9019
59210553 9019
59224592 9019
59237096 9019
59251467 9019
59265732 9019
59279791 9019
59293551 9019
59307578 9019
59320928 9019
59335432 9019
59350034 9019
59361546 9019
59375140 9019
59387180 9019
59400048 9019
59413021 9019
59426136 9019
59439670 9019
59453980 9019
59468862 9019
59482824 9019
59497105 9019
59511671 9019
59524233 9019
59537876 9019
59551909 9019
59566004 9019
59581812 9019
59598106 9019
59613103 9019
59624074 9019
59636408 9019
59650130 9019
59663536 9019
59676959 9019
59689210 9019
59701821 9019
59712951 9019
59727736 9019
59741934 9019
59757127 9019
59771104 9019
59784359 9019
59798027 9019
59812271 9019
59826606 9019
59840376 9019
59854773 9019
59869234 9019
59883080 9019
59897051 9019
59908268 9019
59922354 9019
59937736 9019
59950839 9019
59965298 9019
59979625 9019
59993889 9019
60007707 9019
60020644 9019
60034906 9019
60049174 9019
60062430 9019
60073555 9019
60084756 9019
60097413 9019
60110552 9019
60122483 9019
60134297 9019
60149958 9019
60162561 9019
60175606 9019
60189644 9019
60203455 9019
60217493 9019
60231844 9019
60242785 9019
60256647 9019
60270397 9019
60281459 9019
60292628 9019
60306970 9019
60318555 9019
60332940 9019
60347154 9019
60358709 9019
60370514 9019
60383933 9019
60395812 9019
60409623 9019
60420981 9019
60434332 9019
60448017 9019
60461730 9019
60476057 9019
60489386 9019
60501653 9019
60515599 9019
60529895 9019
60543740 9019
60557579 9019
60571227 9019
60585499 9019
60600278 9019
60611829 9019
60622984 9019
60636844 9019
60648594 9019
60659893 9019
60671313 9019
60684868 9019
60699074 9019
60711071 9019
60722118 9019
60733065 9019
60744435 9019
60756513 9019
60772330 9019
60786290 9019
60799319 9019
60812961 9019
60827088 9019
60841461 9019
60855736 9019
60869499 9019
60881541 9019
60895617 9019
60906745 9019
60920326 9019
60933674 9019
60947231 9019
60959778 9019
60972130 9019
60985013 9019
60998827 9019
61012164 9019
61025958 9019
61038744 9019
61051768 9019
61064440 9019
61076054 9019
61088395 9019
61099928 9019
61112780 9019
61126695 9019
61141879 9019
61156145 9019
61167359 9019
61178932 9019
61193047 9019
61207328 9019
61218260 9019
61231420 9019
61244954 9019
61259161 9019
61272797 9019
61285028 9019
61298969 9019
61311929 9019
61325615 9019
61340311 9019
61353468 9019
61371276 9019
61383247 9019
61397661 9019
61410713 9019
61424716 9019
61440480 9019
61451563 9019
61465765 9019
61479204 9019
61492097 9019
61506285 9019
61520093 9019
61534051 9019
61548101 9019
61560184 9019
61571522 9019
61584729 9019
61598154 9019
61613389 9019
61625890 9019
61638123 9019
61652727 9019
61667262 9019
61681206 9019
61692221 9019
61706125 9019
61718964 9019
61732198 9019
61745421 9019
61759111 9019
61772967 9019
61784640 9019
61798267 9019
61811646 9019
61825878 9019
61837005 9019
61848157 9019
61860384 9019
61872638 9019
61886496 9019
61900920 9019
61912518 9019
61926767 9019
61940933 9019
61952921 9019
61966819 9019
61980393 9019
61993864 9019
62005856 9019
62020640 9019
62033574 9019
62046698 9019
62060436 9019
62072664 9019
62086154 9019
62097700 9019
62111735 9019
62124856 9019
62138696 9019
62152027 9019
62166203 9019
62177713 9019
62191492 9019
62205626 9019
62219878 9019
62234778 9019
62248819 9019
62262640 9019
62274678 9019
62286832 9019
62297909 9019
62309001 9019
62320931 9019
62334329 9019
62348742 9019
62362665 9019
62376945 9019
62391070 9019
62404683 9019
62419162 9019
62431040 9019
62444660 9019
62460127 9019
62474133 9019
62488023 9019
62501927 9019
62515614 9019
62527690 9019
62541823 9019
62556723 9019
62570402 9019
62583500 9019
62596864 9019
62610583 9019
62623842 9019
62637598 9019
62651809 9019
62665998 9019
62681010 9019
62694597 9019
62710936 9019
62726825 9019
62740861 9019
62751746 9019
62765472 9019
62779259 9019
62790714 9019
62803904 9019
62815746 9019
62826777 9019
62840939 9019
62855016 9019
62869884 9019
62881397 9019
62895355 9019
62908255 9019
62921135 9019
62934906 9019
62949127 9019
62963148 9019
62977785 9019
62991419 9019
63005311 9019
63019696 9019
63033500 9019
63047358 9019
63061361 9019
63075128 9019
63088384 9019
63101968 9019
63115659 9019
63129584 9019
63142832 9019
63156467 9019
63171580 9019
63185703 9019
63198532 9019
63212387 9019
63226745 9019
63240955 9019
63251995 9019
63266152 9019
63278912 9019
63292082 9019
63305541 9019
63316824 9019
63330799 9019
63346010 9019
63360193 9019
63375386 9019
63386868 9019
63401963 9019
63416810 9019
63430063 9019
63441535 9019
63454844 9019
63469091 9019
63485279 9019
63499149 9019
63512391 9019
63526206 9019
63539712 9019
63550818 9019
63563072 9019
63576911 9019
63589519 9019
63600509 9019
63612093 9019
63625291 9019
63637270 9019
63649295 9019
63663582 9019
63677474 9019
63690506 9019
63705991 9019
63718851 9019
63732707 9019
63746421 9019
63760072 9019
63773714 9019
63785673 9019
63796928 9019
63807985 9019
63821570 9019
63835897 9019
63849963 9019
63861840 9019
63876452 9019
63889598 9019
63903503 9019
63916822 9019
63931161 9019
63944229 9019
63957692 9019
63971383 9019
63984640 9019
63997459 9019
64011366 9019
64025404 9019
64037707 9019
64054011 9019
64068343 9019
64083997 9019
64097095 9019
64111194 9019
64124937 9019
64139346 9019
64153766 9019
64167664 9019
64179365 9019
64190696 9019
64201795 9019
64213325 9019
64224564 9019
64237031 9019
64251122 9019
64265300 9019
64276332 9019
64289353 9019
64300397 9019
64311275 9019
64325492 9019
64339381 9019
64351475 9019
64363681 9019
64376229 9019
64391793 9019
64403629 9019
64417228 9019
64431555 9019
64444638 9019
64458461 9019
64472493 9019
64486667 9019
64500311 9019
64514020 9019
64528672 9019
64542408 9019
64555281 9019
64566813 9019
64577719 9019
64589936 9019
64604085 9019
64615694 9019
64629729 9019
64643560 9019
64657659 9019
64671828 9019
64685432 9019
64698136 9019
64709547 9019
64723993 9019
64741336 9019
64752380 9019
64766111 9019
64779890 9019
64793636 9019
64807529 9019
64821608 9019
64838285 9019
64852371 9019
64866287 9019
64880289 9019
64891565 9019
64905410 9019
64918245 9019
64932620 9019
64945237 9019
64956783 9019
64970719 9019
64985366 9019
64997485 9019
65009204 9019
65021016 9019
65032394 9019
65043764 9019
65055823 9019
65069676 9019
65083550 9019
65098338 9019
65113547 9019
65127894 9019
65142087 9019
65155893 9019
65169869 9019
65183833 9019
65197991 9019
65212484 9019
65228565 9019
65241661 9019
65255197 9019
65268379 9019
65282104 9019
65293764 9019
65307387 9019
65321407 9019
65333041 9019
65345266 9019
65358884 9019
65372812 9019
65385058 9019
65396302 9019
65407995 9019
65422186 9019
65436327 9019
65450877 9019
65462213 9019
65475404 9019
65487361 9019
65501477 9019
65515512 9019
65529195 9019
65543379 9019
65557437 9019
65570189 9019
65584554 9019
65598774 9019
65611779 9019
65625664 9019
65636663 9019
65651329 9019
65665588 9019
65679731 9019
65693520 9019
65705245 9019
65719342 9019
65731243 9019
65745605 9019
65759441 9019
65773315 9019
65784465 9019
65796131 9019
65809137 9019
65823445 9019
65837323 9019
65851547 9019
65862964 9019
65876652 9019
65889977 9019
65905335 9019
65918417 9019
65932462 9019
65946938 9019
65961390 9019
65974589 9019
65986728 9019
66000325 9019
66013474 9019
66027471 9019
66041627 9019
66052902 9019
66064687 9019
66076864 9019
66090786 9019
66103113 9019
66118950 9019
66132969 9019
66147086 9019
66160874 9019
66172080 9019
66183648 9019
66194981 9019
66206861 9019
66220837 9019
66234607 9019
66247909 9019
66261086 9019
66275289 9019
66289488 9019
66302919 9019
66315007 9019
66327885 9019
66341576 9019
66353349 9019
66365725 9019
66380341 9019
66392006 9019
66404676 9019
66417612 9019
66430958 9019
66444870 9019
66458198 9019
66471260 9019
66483189 9019
66497622 9019
66508728 9019
66523118 9019
66534147 9019
66545452 9019
66559636 9019
66572857 9019
66586406 9019
66600301 9019
66611540 9019
66623442 9019
66636155 9019
66649545 9019
66661658 9019
66675347 9019
66689176 9019
66701597 9019
66715220 9019
66729684 9019
66743877 9019
66757980 9019
66772691 9019
66786600 9019
66800264 9019
66814314 9019
66828336 9019
66842090 9019
66856628 9019
66870674 9019
66883670 9019
66895469 9019
66907533 9019
66919806 9019
66930861 9019
66944755 9019
66956313 9019
66970646 9019
66985505 9019
66999430 9019
67013226 9019
67027139 9019
67040376 9019
67051340 9019
67065784 9019
67079279 9019
67093274 9019
67106251 9019
67117975 9019
67133754 9019
67148373 9019
67161764 9019
67176189 9019
67189827 9019
67203902 9019
67218360 9019
67234697 9019
67247491 9019
67261717 9019
67272608 9019
67286523 9019
67300151 9019
67313694 9019
67328886 9019
67342907 9019
67354066 9019
67365090 9019
67378341 9019
67390237 9019
67402944 9019
67415936 9019
67429387 9019
67441440 9019
67455728 9019
67470519 9019
67486653 9019
67499872 9019
67514090 9019
67528595 9019
67542257 9019
67556182 9019
67570078 9019
67583776 9019
67598319 9019
67611697 9019
67625544 9019
67640252 9019
67654229 9019
67668211 9019
67681113 9019
67692221 9019
67703241 9019
67714418 9019
67727075 9019
67742434 9019
67756500 9019
67772602 9019
67788646 9019
67804813 9019
67818576 9019
67832644 9019
67846638 9019
67860991 9019
67874451 9019
67886588 9019
67900714 9019
67912742 9019
67925476 9019
67937897 9019
67950936 9019
67962292 9019
67973590 9019
67987544 9019
68000614 9019
68014426 9019
68030254 9019
68043987 9019
68057960 9019
68070159 9019
68082209 9019
68094884 9019
68109345 9019
68125003 9019
68138727 9019
68150942 9019
68164575 9019
68178095 9019
68192402 9019
68205846 9019
68216742 9019
68228065 9019
68241939 9019
68255428 9019
68268172 9019
68281671 9019
68297579 9019
68308676 9019
68323581 9019
68336465 9019
68349615 9019
68362921 9019
68377024 9019
68389613 9019
68401607 9019
68413580 9019
68427686 9019
68442150 9019
68456538 9019
68471006 9019
68486050 9019
68499564 9019
68513196 9019
68527097 9019
68540072 9019
68553781 9019
68567720 9019
68581427 9019
68594617 9019
68605904 9019
68619224 9019
68630966 9019
68641956 9019
68653072 9019
68666895 9019
68681150 9019
68696537 9019
68713699 9019
68727791 9019
68740865 9019
68753633 9019
68767661 9019
68779855 9019
68793084 9019
68805901 9019
68819482 9019
68833454 9019
68847392 9019
68861777 9019
68873775 9019
68886923 9019
68901437 9019
68915305 9019
68926397 9019
68940419 9019
68954338 9019
68968411 9019
68981294 9019
68992388 9019
69003358 9019
69015698 9019
69028187 9019
69042373 9019
69056450 9019
69069202 9019
69084099 9019
69098044 9019
69109790 9019
69123757 9019
69135585 9019
69149413 9019
69163043 9019
69176482 9019
69190262 9019
69204320 9019
69216416 9019
69229985 9019
69241072 9019
69253020 9019
69264448 9019
69276172 9019
69289876 9019
69301050 9019
69312074 9019
69325074 9019
69339048 9019
69352841 9019
69369985 9019
69381135 9019
69394624 9019
69406528 9019
69420344 9019
69431427 9019
69445702 9019
69459268 9019
69471467 9019
69484209 9019
69497793 9019
69509410 9019
69523031 9019
69537017 9019
69549581 9019
69563229 9019
69576912 9019
69591324 9019
69605193 9019
69618057 9019
69628957 9019
69641085 9019
69652238 9019
69663063 9019
69676289 9019
69688448 9019
69702132 9019
69716121 9019
69731009 9019
69745852 9019
69759009 9019
69773030 9019
69787258 9019
69803101 9019
69817027 9019
69830905 9019
69847114 9019
69861222 9019
69874336 9019
69886042 9019
69897219 9019
69908162 9019
69922192 9019
69935221 9019
69948698 9019
69961974 9019
69975562 9019
69989790 9019
70003779 9019
70017278 9019
70028520 9019
70041168 9019
70052207 9019
70065866 9019
70083311 9019
70097217 9019
70110824 9019
70124700 9019
70138512 9019
70152671 9019
70163646 9019
70178857 9019
70192423 9019
70203382 9019
70215111 9019
70229130 9019
70243451 9019
70255245 9019
70266239 9019
70280090 9019
70294025 9019
70305162 9019
70319505 9019
70335381 9019
70349744 9019
70364155 9019
70379279 9019
70390153 9019
70404508 9019
70415619 9019
70429293 9019
70442753 9019
70457097 9019
70474027 9019
70491139 9019
70503118 9019
70517541 9019
70532031 9019
70546181 9019
70559851 9019
70573652 9019
70587535 9019
70603305 9019
70617385 9019
70631791 9019
70643456 9019
70655272 9019
70668668 9019
70681520 9019
70695502 9019
70712963 9019
70727006 9019
70740420 9019
70753245 9019
70769350 9019
70782936 9019
70796584 9019
70808938 9019
70819947 9019
70833983 9019
70845793 9019
70857272 9019
70871357 9019
70884695 9019
70898191 9019
70912191 9019
70925093 9019
70939016 9019
70952904 9019
70964196 9019
70975241 9019
70989116 9019
71002652 9019
71018336 9019
71033941 9019
71047156 9019
71062609 9019
71076358 9019
71088584 9019
71103052 9019
71118135 9019
71132511 9019
71146266 9019
71161494 9019
71175865 9019
71187581 9019
71202445 9019
71213585 9019
71224926 9019
71240252 9019
71253799 9019
71267019 9019
71281901 9019
71295905 9019
71309984 9019
71326176 9019
71341618 9019
71354565 9019
71366341 9019
71379839 9019
71394451 9019
71408975 9019
71422205 9019
71434903 9019
71446387 9019
71460222 9019
71474674 9019
71486435 9019
71501011 9019
71512668 9019
71526018 9019
71541142 9019
71555042 9019
71569010 9019
71580884 9019
71594842 9019
71609019 9019
71622732 9019
71636855 9019
71650402 9019
71664373 9019
71677662 9019
71689374 9019
71703330 9019
71717163 9019
71728415 9019
71742329 9019
71756333 9019
71770657 9019
71782160 9019
71796404 9019
71810040 9019
71823678 9019
71836679 9019
71849111 9019
71861997 9019
71875173 9019
71889810 9019
71903554 9019
71919098 9019
71930790 9019
71945587 9019
71960828 9019
71971949 9019
71984290 9019
71998201 9019
72012240 9019
72026383 9019
72040687 9019
72054868 9019
72068851 9019
72082820 9019
72096786 9019
72109609 9019
72122852 9019
72134573 9019
72148469 9019
72162890 9019
72176261 9019
72188362 9019
72200110 9019
72214598 9019
72228918 9019
72242860 9019
72256769 9019
72270793 9019
72281892 9019
72293799 9019
72306702 9019
72318719 9019
72332530 9019
72346577 9019
72360378 9019
72373960 9019
72387730 9019
72399390 9019
72413569 9019
72427989 9019
72439524 9019
72452671 9019
72465978 9019
72479095 9019
72492927 9019
72504058 9019
72517211 9019
72528210 9019
72541258 9019
72554746 9019
72568815 9019
72583236 9019
72597226 9019
72609675 9019
72621178 9019
72634829 9019
72647240 9019
72661263 9019
72673482 9019
72685572 9019
72698472 9019
72709635 9019
72724232 9019
72735203 9019
72748472 9019
72760609 9019
72774995 9019
72788615 9019
72804151 9019
72816152 9019
72830406 9019
72846344 9019
72860901 9019
72871900 9019
72886532 9019
72899869 9019
72910877 9019
72921734 9019
72933213 9019
72944848 9019
72958370 9019
72972024 9019
72985986 9019
73000702 9019
73015213 9019
73029916 9019
73043800 9019
73056486 9019
73070793 9019
73084886 9019
73099219 9019
73111314 9019
73122298 9019
73135841 9019
73151597 9019
73168283 9019
73179556 9019
73192199 9019
73203804 9019
73217167 9019
73230843 9019
73245101 9019
73258881 9019
73272675 9019
73285920 9019
73300286 9019
73313772 9019
73327825 9019
73342145 9019
73356412 9019
73369394 9019
73383790 9019
73397797 9019
73411624 9019
73425771 9019
73439973 9019
73454034 9019
73467694 9019
73478828 9019
73489860 9019
73503638 9019
73516780 9019
73531879 9019
73545862 9019
73560116 9019
73575516 9019
73589981 9019
73601843 9019
73614714 9019
73628721 9019
73639961 9019
73653893 9019
73666893 9019
73677859 9019
73689470 9019
73703724 9019
73717884 9019
73731620 9019
73745274 9019
73759129 9019
73773348 9019
73787781 9019
73801877 9019
73816139 9019
73830458 9019
73844295 9019
73858457 9019
73872621 9019
73886511 9019
73900362 9019
73916183 9019
73927881 9019
73941858 9019
73952974 9019
73966058 9019
73979572 9019
73991643 9019
74005452 9019
74019266 9019
74033119 9019
74047351 9019
74060758 9019
74072905 9019
74086410 9019
74099340 9019
74111786 9019
74125184 9019
74138988 9019
74151235 9019
74166752 9019
74180494 9019
74194169 9019
74207308 9019
74218204 9019
74232215 9019
74243656 9019
74258047 9019
74270571 9019
74281572 9019
74295032 9019
74309198 9019
74322822 9019
74337655 9019
74351745 9019
74363602 9019
74377495 9019
74389223 9019
74402637 9019
74414358 9019
74430231 9019
74445619 9019
74459842 9019
74475403 9019
74488898 9019
74502432 9019
74514426 9019
74528750 9019
74542876 9019
74556433 9019
74570015 9019
74584205 9019
74599039 9019
74612998 9019
74627096 9019
74640952 9019
74652004 9019
74663103 9019
74676221 9019
74689558 9019
74703011 9019
74714397 9019
74727496 9019
74739053 9019
74752126 9019
74769594 9019
74783567 9019
74797277 9019
74814254 9019
74829629 9019
74843147 9019
74857055 9019
74868140 9019
74882582 9019
74894997 9019
74907595 9019
74921598 9019
74935154 9019
74948181 9019
74962487 9019
74975707 9019
74989009 9019
75002953 9019
75016708 9019
75031015 9019
75045222 9019
75059584 9019
75071064 9019
75084870 9019
75101348 9019
75115516 9019
75129495 9019
75143100 9019
75157266 9019
75169560 9019
75182543 9019
75196706 9019
75210219 9019
75223360 9019
75236795 9019
75251231 9019
75264173 9019
75278247 9019
75291141 9019
75304594 9019
75318257 9019
75331714 9019
75346213 9019
75360267 9019
75372158 9019
75386108 9019
75397392 9019
75410467 9019
75424607 9019
75438810 9019
75452959 9019
75466311 9019
75477378 9019
75490796 9019
75501895 9019
75517651 9019
75528920 9019
75542177 9019
75556613 9019
75570296 9019
75582940 9019
75596376 9019
75609130 9019
75623088 9019
75635873 9019
75649262 9019
75664075 9019
75678354 9019
75691437 9019
75705437 9019
75717184 9019
75730797 9019
75744853 9019
75757266 9019
75768428 9019
75781495 9019
75794341 9019
75808345 9019
75821891 9019
75835965 9019
75848654 9019
75862863 9019
75876988 9019
75890927 9019
75905947 9019
75917222 9019
75931140 9019
75942666 9019
75956633 9019
75970708 9019
75983442 9019
75997124 9019
76009189 9019
76024061 9019
76036587 9019
76047894 9019
76061605 9019
76076154 9019
76090194 9019
76103412 9019
76117026 9019
76131563 9019
76145625 9019
76160298 9019
76174642 9019
76188691 9019
76202805 9019
76215855 9019
76232148 9019
76245649 9019
76260991 9019
76274655 9019
76288240 9019
76299849 9019
76314369 9019
76328412 9019
76342903 9019
76357105 9019
76372369 9019
76387194 9019
76398159 9019
76412127 9019
76425586 9019
76437472 9019
76450930 9019
76463986 9019
76477614 9019
76489061 9019
76501895 9019
76513212 9019
76524489 9019
76537513 9019
76551882 9019
76565164 9019
76577726 9019
76589496 9019
76603428 9019
76617977 9019
76631475 9019
76642641 9019
76654691 9019
76666287 9019
76678956 9019
76693305 9019
76706712 9019
76720266 9019
76733932 9019
76749765 9019
76761889 9019
76772954 9019
76787155 9019
76801934 9019
76816042 9019
76827007 9019
76840214 9019
76853729 9019
76867388 9019
76881259 9019
76895597 9019
76910061 9019
76925628 9019
76940143 9019
76954029 9019
76966756 9019
76978279 9019
76989536 9019
77000569 9019
77014719 9019
77028129 9019
77041174 9019
77052507 9019
77064441 9019
77078369 9019
77092443 9019
77105932 9019
77119694 9019
77132517 9019
77147975 9019
77161539 9019
77176035 9019
77190052 9019
77203495 9019
77217329 9019
77228748 9019
77241777 9019
77256035 9019
77270242 9019
77283654 9019
77297908 9019
77309789 9019
77320860 9019
77334599 9019
77348017 9019
77362232 9019
77373357 9019
77386994 9019
77399883 9019
77411539 9019
77424188 9019
77436485 9019
77450554 9019
77464832 9019
77476361 9019
77489668 9019
77503038 9019
77516542 9019
77530014 9019
77541211 9019
77553830 9019
77568959 9019
77580497 9019
77593705 9019
77605609 9019
77619327 9019
77632998 9019
77644833 9019
77658320 9019
77669766 9019
77684204 9019
77699952 9019
77711768 9019
77725478 9019
77736616 9019
77747631 9019
77761267 9019
77775420 9019
77787271 9019
77800444 9019
77814238 9019
77827829 9019
77842019 9019
77855604 9019
77869766 9019
77884254 9019
77898489 9019
77909724 9019
77923553 9019
77937417 9019
77949175 9019
77962605 9019
77976773 9019
77990687 9019
78004973 9019
78017693 9019
78031776 9019
78045009 9019
78059059 9019
78072449 9019
78085772 9019
78096814 9019
78109393 9019
78121087 9019
78134008 9019
78146704 9019
78159752 9019
78173077 9019
78186651 9019
78200133 9019
78215168 9019
78228712 9019
78241885 9019
78256265 9019
78270078 9019
78283549 9019
78297220 9019
78311191 9019
78325305 9019
78338143 9019
78350473 9019
78363410 9019
78374425 9019
78387314 9019
78400725 9019
78413646 9019
78427730 9019
78440910 9019
78451906 9019
78463180 9019
78477511 9019
78491717 9019
78507392 9019
78521611 9019
78536355 9019
78549943 9019
78565101 9019
78580340 9019
78594318 9019
78607450 9019
78620557 9019
78634672 9019
78647696 9019
78660422 9019
78674243 9019
78688818 9019
78702753 9019
78716504 9019
78730488 9019
78744462 9019
78758314 9019
78769476 9019
78782619 9019
78794721 9019
78808176 9019
78821658 9019
78834198 9019
78846271 9019
78859635 9019
78870708 9019
78882353 9019
78896601 9019
78911242 9019
78925887 9019
78939926 9019
78954030 9019
78968263 9019
78981782 9019
78996216 9019
79008696 9019
79022835 9019
79036926 9019
79050220 9019
79064501 9019
79078430 9019
79092672 9019
79107544 9019
79121751 9019
79135429 9019
79148723 9019
79159934 9019
79174440 9019
79188746 9019
79203338 9019
79218264 9019
79232077 9019
79245887 9019
79259762 9019
79272594 9019
79286464 9019
79297509 9019
79311802 9019
79326040 9019
79340334 9019
79354887 9019
79368165 9019
79379765 9019
79390951 9019
79406229 9019
79417244 9019
79431143 9019
79444104 9019
79458428 9019
79470139 9019
79481658 9019
79495123 9019
79510221 9019
79524311 9019
79538202 9019
79551840 9019
79566394 9019
79579638 9019
79593417 9019
79605769 9019
79619966 9019
79634644 9019
79646125 9019
79659845 9019
79670676 9019
79684275 9019
79695280 9019
79708442 9019
79722516 9019
79736648 9019
79747700 9019
79761222 9019
79777979 9019
79792381 9019
79803411 9019
79817817 9019
79831240 9019
79847991 9019
79864853 9019
79876373 9019
79890369 9019
79901552 9019
79913816 9019
79927545 9019
79940465 9019
79953571 9019
79968224 9019
79979249 9019
79990165 9019
80002906 9019
80016236 9019
80032513 9019
80043473 9019
80058628 9019
80072405 9019
80084390 9019
80095599 9019
80109574 9019
80122641 9019
80134754 9019
80146872 9019
80161006 9019
80172547 9019
80185618 9019
80199265 9019
80212349 9019
80225488 9019
80237316 9019
80249185 9019
80260766 9019
80273807 9019
80288786 9019
80302949 9019
80316543 9019
80330796 9019
80341934 9019
80354695 9019
80365803 9019
80379885 9019
80393819 9019
80407091 9019
80421008 9019
80434660 9019
80450333 9019
80464158 9019
80477577 9019
80490839 9019
80505922 9019
80519543 9019
80531260 9019
80542622 9019
80556277 9019
80570004 9019
80584193 9019
80598679 9019
80610480 9019
80621991 9019
80633766 9019
80645356 9019
80659290 9019
80673523 9019
80687540 9019
80698899 9019
80712003 9019
80724080 9019
80736012 9019
80752407 9019
80766097 9019
80777498 9019
80789434 9019
80800732 9019
80812420 9019
80827435 9019
80839033 9019
80852967 9019
80866387 9019
80880533 9019
80892507 9019
80904946 9019
80916422 9019
80929584 9019
80943254 9019
80955391 9019
80969093 9019
80980364 9019
80992165 9019
81006453 9019
81020250 9019
81036452 9019
81047964 9019
81060932 9019
81074425 9019
81085479 9019
81100045 9019
81113939 9019
81126442 9019
81140415 9019
81152554 9019
81166165 9019
81180058 9019
81191312 9019
81205431 9019
81219334 9019
81235322 9019
81249743 9019
81262804 9019
81275979 9019
81290221 9019
81304849 9019
81318648 9019
81332809 9019
81347496 9019
81361777 9019
81375057 9019
81389002 9019
81401402 9019
81416026 9019
81430613 9019
81441573 9019
81455306 9019
81468563 9019
81482198 9019
81495497 9019
81509804 9019
81524170 9019
81537975 9019
81552447 9019
81567182 9019
81578282 9019
81591546 9019
81605307 9019
81617225 9019
81628513 9019
81641462 9019
81652333 9019
81664579 9019
81678157 9019
81692129 9019
81704799 9019
81715851 9019
81729109 9019
81742305 9019
81755036 9019
81766632 9019
81780963 9019
81795628 9019
81809641 9019
81820653 9019
81832569 9019
81846346 9019
81857397 9019
81871445 9019
81884884 9019
81898762 9019
81913882 9019
81928445 9019
81942843 9019
81955035 9019
81968740 9019
81979749 9019
81991597 9019
82005663 9019
82016720 9019
82030147 9019
82043006 9019
82056553 9019
82068640 9019
82082966 9019
82093968 9019
82106089 9019
82119913 9019
82131331 9019
82145394 9019
82159888 9019
82173500 9019
82187984 9019
82201454 9019
82215695 9019
82230330 9019
82247536 9019
82258977 9019
82270945 9019
82284011 9019
82297867 9019
82311749 9019
82325626 9019
82340206 9019
82354304 9019
82365299 9019
82376655 9019
82390002 9019
82404541 9019
82419043 9019
82430006 9019
82443423 9019
82457323 9019
82471747 9019
82483355 9019
82495222 9019
82508576 9019
82520550 9019
82532199 9019
82545152 9019
82558730 9019
82572106 9019
82585798 9019
82601433 9019
82618460 9019
82630280 9019
82643099 9019
82656494 9019
82670494 9019
82684639 9019
82699112 9019
82712695 9019
82724360 9019
82737936 9019
82752917 9019
82767026 9019
82781971 9019
82796254 9019
82810666 9019
82823549 9019
82835052 9019
82848701 9019
82862847 9019
82877426 9019
82888451 9019
82901108 9019
82915234 9019
82929670 9019
82944635 9019
82959336 9019
82972916 9019
82987735 9019
83002214 9019
83015584 9019
83027047 9019
83041176 9019
83054781 9019
83069014 9019
83082556 9019
83097264 9019
83110637 9019
83124779 9019
83137889 9019
83150968 9019
83164621 9019
83178217 9019
83191052 9019
83202007 9019
83215458 9019
83229430 9019
83243796 9019
83258028 9019
83269030 9019
83282859 9019
83293828 9019
83307617 9019
83321941 9019
83335721 9019
83347072 9019
83359565 9019
83373698 9019
83387992 9019
83401830 9019
83414050 9019
83427620 9019
83441480 9019
83452533 9019
83464034 9019
83476114 9019
83488159 9019
83502214 9019
83515737 9019
83529766 9019
83540721 9019
83551913 9019
83563812 9019
83577742 9019
83591296 9019
83604828 9019
83619308 9019
83632958 9019
83645928 9019
83661761 9019
83675729 9019
83686911 9019
83701690 9019
83715672 9019
83729511 9019
83740756 9019
83752514 9019
83767008 9019
83780562 9019
83795272 9019
83806943 9019
83820509 9019
83834165 9019
83847639 9019
83860037 9019
83871681 9019
83884847 9019
83897770 9019
83910820 9019
83924507 9019
83938007 9019
83951471 9019
83964993 9019
83978294 9019
83992590 9019
84006587 9019
84018637 9019
84032952 9019
84048412 9019
84062554 9019
84077011 9019
84088134 9019
84100940 9019
84115477 9019
84130156 9019
84143881 9019
84157529 9019
84168548 9019
84182855 9019
84200500 9019
84211496 9019
84224402 9019
84238329 9019
84252428 9019
84265984 9019
84280145 9019
84291346 9019
84302712 9019
84316692 9019
84330713 9019
84344579 9019
84358301 9019
84371553 9019
84384769 9019
84396187 9019
84411477 9019
84423159 9019
84437007 9019
84448019 9019
84461977 9019
84475496 9019
84487359 9019
84500027 9019
84513326 9019
84527201 9019
84538144 9019
84551741 9019
84566189 9019
84578576 9019
84591761 9019
84605776 9019
84619266 9019
84633122 9019
84644082 9019
84657840 9019
84670680 9019
84682106 9019
84693285 9019
84704518 9019
84719544 9019
84733816 9019
84747480 9019
84759232 9019
84773455 9019
84787556 9019
84802772 9019
84816515 9019
84830814 9019
84844897 9019
84858476 9019
84869698 9019
84883188 9019
84897389 9019
84911353 9019
84923537 9019
84935442 9019
84949445 9019
84963761 9019
84977729 9019
84991273 9019
85004931 9019
85016345 9019
85027371 9019
85041393 9019
85052533 9019
85066215 9019
85080434 9019
85094685 9019
85110737 9019
85125015 9019
85138894 9019
85156283 9019
85168271 9019
85181297 9019
85195486 9019
85211449 9019
85225167 9019
85239113 9019
85255109 9019
85272135 9019
85285999 9019
85299978 9019
85315721 9019
85330153 9019
85342832 9019
85356787 9019
85370348 9019
85384774 9019
85400067 9019
85414162 9019
85427431 9019
85440102 9019
85454669 9019
85467889 9019
85481711 9019
85496010 9019
85510292 9019
85524242 9019
85535817 9019
85549641 9019
85564138 9019
85580600 9019
85594775 9019
85608811 9019
85619969 9019
85633712 9019
85647164 9019
85661409 9019
85676199 9019
85689375 9019
85703369 9019
85716427 9019
85730548 9019
85744637 9019
85757393 9019
85771991 9019
85785680 9019
85796983 9019
85810184 9019
85824664 9019
85835811 9019
85850198 9019
85864643 9019
85876904 9019
85890178 9019
85904372 9019
85916394 9019
85928853 9019
85942232 9019
85956566 9019
85970418 9019
85984658 9019
85998389 9019
86012226 9019
86026154 9019
86040480 9019
86054387 9019
86068287 9019
86082534 9019
86099579 9019
86113919 9019
86128194 9019
86145332 9019
86159999 9019
86174021 9019
86189598 9019
86204336 9019
86218147 9019
86233806 9019
86251039 9019
86265087 9019
86279213 9019
86293199 9019
86305542 9019
86319523 9019
86333126 9019
86346730 9019
86358042 9019
86371658 9019
86385676 9019
86403320 9019
