23460 12696
35145 12146
49531 11801
63600 11718
77983 11319
88996 11177
100994 11172
115241 11037
128516 11037
142842 11037
157137 11037
168598 11037
180585 11037
194906 11037
211473 11037
225383 10907
239423 10907
252370 10907
264667 10907
278067 10907
291752 10769
304912 10769
318867 10702
331913 10702
342804 10702
353776 10398
367901 10343
381921 10343
396322 10343
410159 10343
425486 10343
439348 10343
453350 10343
467476 10343
480812 10343
491963 10343
506193 10343
518523 10296
531752 10296
542818 10018
553907 10018
568007 10018
581655 10018
595131 10018
609117 10015
623150 9954
637399 9935
651252 9822
664847 9822
677926 9822
692004 9822
702986 9822
717248 9822
732241 9822
746673 9822
758312 9822
769973 9822
783076 9822
797150 9822
810938 9822
822226 9822
834551 9822
848379 9822
862035 9822
874972 9822
889024 9822
901976 9822
913264 9822
925093 9822
939211 9822
951181 9822
962506 9822
976490 9822
991274 9822
1003934 9822
1015862 9822
1029113 9822
1040349 9822
1053077 9822
1066899 9822
1078952 9822
1092638 9822
1106386 9822
1118643 9822
1132842 9822
1146015 9822
1157477 9822
1171089 9822
1182574 9822
1193858 9822
1205037 9822
1218852 9822
1232309 9805
1246311 9805
1258441 9805
1270048 9805
1281094 9805
1294074 9805
1307857 9805
1319018 9805
1332855 9805
1344015 9805
1358466 9805
1369545 9805
1384535 9805
1395848 9805
1409824 9805
1423107 9805
1437371 9805
1449090 9805
1463036 9805
1477798 9805
1492509 9805
1507035 9805
1521150 9805
1533938 9805
1546637 9805
1560579 9805
1576063 9805
1587487 9805
1599019 9805
1610496 9805
1624448 9805
1638621 9805
1650345 9805
1664424 9805
1677854 9805
1691695 9805
1705268 9805
1719246 9805
1733647 9805
1746930 9805
1760550 9805
1771691 9805
1782972 9805
1796185 9805
1810232 9805
1823972 9805
1837220 9805
1850151 9805
1861234 9805
1875102 9805
1888762 9805
1902690 9805
1916773 9805
1928728 9805
1942397 9805
1956094 9805
1967023 9805
1978186 9805
1991180 9805
2005003 9805
2018898 9805
2030488 9805
2042088 9805
2055447 9805
2067077 9805
2078341 9805
2092673 9805
2107015 9805
2121510 9805
2133551 9805
2145958 9805
2157424 9805
2170801 9805
2183234 9805
2197240 9805
2211215 9805
2224550 9805
2239192 9805
2250252 9805
2264193 9805
2277865 9805
2289317 9805
2301867 9805
2315896 9805
2332096 9805
2346292 9805
2359809 9805
2373758 9805
2385584 9805
2399793 9805
2415805 9805
2429290 9805
2440179 9805
2453870 9805
2467750 9805
2478818 9805
2492876 9805
2507889 9805
2523733 9805
2539509 9805
2552410 9805
2566397 9805
2580404 9805
2592761 9805
2606834 9805
2621652 9805
2638825 9805
2654746 9805
2668222 9805
2680365 9805
2694394 9805
2710574 9805
2724894 9805
2739165 9805
2752376 9805
2763507 9805
2777285 9805
2788232 9805
2802431 9805
2815495 9805
2827107 9805
2840327 9805
2854478 9805
2867420 9805
2881596 9805
2892870 9805
2906428 9805
2920909 9805
2933227 9805
2947452 9805
2964494 9805
2977072 9805
2990858 9805
3004985 9805
3019903 9805
3033950 9805
3045828 9805
3059999 9805
3073283 9805
3084884 9805
3099332 9805
3113328 9805
3124355 9805
3137448 9805
3150169 9805
3162399 9805
3175491 9805
3190237 9805
3203019 9805
3214461 9805
3225952 9805
3240265 9805
3253723 9805
3267865 9805
3279255 9805
3292456 9805
3303429 9805
3316187 9805
3329173 9805
3342939 9805
3356789 9805
3370939 9805
3383785 9805
3396905 9805
3410082 9805
3421184 9805
3435357 9805
3446486 9805
3459901 9805
3470929 9805
3485376 9805
3499591 9805
3513245 9805
3527327 9805
3542129 9805
3553514 9805
3566165 9805
3580065 9805
3594126 9805
3607018 9805
3621004 9805
3634341 9805
3650008 9805
3664389 9805
3678327 9805
3691184 9805
3705015 9805
3717320 9805
3731495 9805
3743917 9805
3758207 9805
3772362 9805
3785066 9805
3796138 9805
3808865 9805
3822894 9805
3836954 9805
3851501 9805
3865997 9805
3879965 9805
3893812 9805
3906655 9805
3921274 9805
3935595 9805
3950143 9805
3962927 9805
3977241 9805
3990072 9805
4003071 9805
4017214 9805
4029305 9805
4042466 9805
4054850 9805
4068611 9805
4081758 9805
4095639 9805
4109212 9805
4122629 9805
4136615 9805
4150687 9805
4162917 9805
4174097 9805
4189531 9805
4201911 9805
4215796 9805
4229405 9805
4241732 9805
4255610 9805
4268461 9805
4281917 9805
4296001 9805
4309763 9805
4323993 9805
4338120 9805
4352531 9805
4365303 9805
4379261 9805
4393299 9805
4405613 9805
4416728 9805
4430525 9805
4442073 9805
4456172 9805
4470190 9805
4484544 9805
4495760 9805
4509718 9805
4523093 9805
4535388 9805
4546651 9805
4559606 9805
4571277 9805
4584210 9805
4598252 9805
4609965 9805
4626094 9805
4639832 9805
4652313 9805
4666570 9805
4679940 9805
4693964 9805
4705040 9805
4719221 9805
4730896 9805
4745379 9805
4759262 9805
4776374 9805
4790533 9805
4803570 9805
4818095 9805
4829088 9805
4841708 9805
4856343 9805
4867746 9805
4882086 9805
4895995 9805
4909744 9805
4923727 9805
4937761 9805
4955199 9805
4967380 9805
4981119 9805
4992645 9805
5006567 9805
5019705 9805
5033779 9805
5044916 9805
5056714 9805
5070400 9805
5083503 9805
5096604 9805
5110033 9805
5123023 9805
5136464 9805
5149451 9805
5160941 9805
5174878 9805
5189146 9805
5203501 9805
5217140 9805
5231058 9805
5244735 9805
5260143 9805
5274858 9805
5287178 9805
5298670 9805
5312672 9805
5325130 9805
5339315 9805
5353125 9805
5364571 9805
5377660 9805
5392465 9805
5405656 9805
5420064 9805
5434433 9805
5448119 9805
5462545 9805
5476555 9805
5490701 9805
5504022 9805
5519901 9805
5534262 9805
5550617 9805
5564888 9805
5578865 9805
5590875 9805
5605274 9805
5619273 9805
5632830 9805
5646671 9805
5661178 9805
5675150 9805
5689062 9805
5700120 9805
5711962 9805
5723618 9805
5734609 9805
5747282 9805
5759187 9805
5772734 9805
5786963 9805
5798588 9805
5810218 9805
5821161 9805
5835082 9805
5847718 9805
5861910 9805
5878635 9805
5893114 9805
5907090 9805
5921582 9805
5933436 9805
5947315 9805
5958963 9805
5972775 9805
5987000 9805
6000911 9805
6015005 9805
6026439 9805
6038360 9805
6050419 9805
6064317 9805
6078700 9805
6090341 9805
6104289 9805
6118837 9805
6130209 9805
6143776 9805
6158700 9805
6172208 9805
6186079 9805
6197737 9805
6211206 9805
6224389 9805
6238633 9805
6252227 9805
6266478 9805
6279795 9805
6293077 9805
6307156 9805
6320670 9805
6333574 9805
6347768 9805
6360041 9805
6373750 9805
6386507 9805
6399900 9805
6411310 9805
6425340 9805
6439647 9805
6452768 9805
6465071 9805
6476903 9805
6493246 9805
6508635 9805
6521052 9805
6533546 9805
6548287 9805
6565352 9805
6579862 9805
6592614 9805
6606892 9805
6621368 9805
6634093 9805
6647777 9805
6659583 9805
6673458 9805
6685209 9805
6698408 9805
6711740 9805
6723125 9805
6734204 9805
6745777 9805
6759737 9805
6772850 9805
6787118 9805
6798648 9805
6813061 9805
6826185 9805
6840154 9805
6854086 9805
6867748 9805
6880608 9805
6894640 9805
6909447 9805
6921031 9805
6933046 9805
6947199 9805
6961240 9805
6975602 9805
6986717 9805
6998206 9805
7012045 9805
7026307 9805
7040544 9805
7055217 9805
7070587 9805
7085453 9805
7099464 9805
7113715 9805
7125487 9805
7139511 9805
7153388 9805
7167375 9805
7178448 9805
7192335 9805
7205532 9805
7219472 9805
7230970 9805
7244938 9805
7259240 9805
7273591 9805
7286676 9805
7300903 9805
7314425 9805
7325600 9805
7339640 9805
7353175 9805
7367470 9805
7379214 9805
7393179 9805
7407670 9805
7419159 9805
7431738 9805
7442992 9805
7454327 9805
7468231 9805
7481181 9805
7495343 9805
7510084 9805
7524393 9805
7538070 9805
7552224 9805
7566221 9805
7579812 9805
7593053 9805
7606960 9805
7620822 9805
7634662 9805
7646766 9805
7660738 9805
7677269 9805
7691680 9805
7704820 9805
7716416 9805
7730584 9805
7744505 9805
7757521 9805
7771967 9805
7786200 9805
7800357 9805
7814150 9805
7827983 9805
7844511 9805
7858483 9805
7869701 9805
7882890 9805
7893811 9805
7908258 9805
7922077 9805
7934395 9805
7947719 9805
7961675 9805
7973463 9805
7987298 9805
8001646 9805
8014154 9805
8027439 9805
8041184 9805
8052568 9805
8064463 9805
8075942 9805
8088628 9805
8100653 9805
8114807 9805
8129039 9805
8143354 9805
8157209 9805
8170101 9805
8184632 9805
8195815 9805
8208542 9805
8222842 9805
8237001 9805
8251107 9805
8265242 9805
8279827 9805
8293958 9805
8307013 9805
8320039 9805
8331823 9805
8344668 9805
8358604 9805
8370137 9805
8382872 9805
8397680 9805
8412175 9805
8423589 9805
8437652 9805
8451788 9805
8462955 9805
8477151 9805
8491587 9805
8505693 9805
8516882 9805
8530552 9805
8541976 9805
8553125 9805
8567333 9805
8581337 9805
8595200 9805
8608640 9805
8620304 9805
8634363 9805
8648313 9805
8664416 9805
8677027 9805
8688038 9805
8699487 9805
8711284 9805
8724988 9805
8736630 9805
8750739 9805
8766971 9805
8780774 9805
8795174 9805
8809302 9805
8822209 9805
8836404 9805
8850722 9805
8864707 9805
8881107 9805
8892140 9805
8904814 9805
8919470 9805
8932590 9805
8945556 9805
8956885 9805
8968846 9805
8979923 9805
8993786 9805
9008583 9805
9022362 9805
9036002 9805
9049253 9805
9062527 9805
9073438 9805
9084682 9805
9098937 9805
9111469 9805
9124458 9805
9138049 9805
9150384 9805
9161695 9805
9175927 9805
9189075 9805
9203869 9805
9217799 9805
9231555 9805
9245768 9805
9260379 9805
9274122 9805
9287528 9805
9301164 9805
9312383 9805
9323553 9805
9334486 9805
9349113 9805
9363196 9805
9375353 9805
9390013 9805
9401023 9805
9412682 9805
9426698 9805
9441093 9805
9455124 9805
9467947 9805
9482522 9805
9497158 9805
9509098 9805
9525488 9805
9539570 9805
9553744 9805
9567389 9805
9581798 9805
9594087 9805
9608595 9805
9623861 9805
9637557 9805
9649525 9805
9662923 9805
9676870 9805
9692512 9805
9709150 9805
9722878 9805
9737027 9805
9751085 9805
9764116 9805
9778378 9805
9790047 9805
9802638 9805
9816683 9805
9828365 9805
9839517 9805
9851427 9805
9864680 9805
9880890 9805
9892923 9805
9905091 9805
9918691 9805
9933057 9805
9945181 9805
9959058 9805
9972882 9805
9987310 9805
10001975 9805
10015099 9805
10028165 9805
10041218 9805
10052442 9805
10066780 9805
10081166 9805
10095084 9805
10111175 9805
10125428 9805
10139280 9805
10153882 9805
10166550 9805
10180287 9805
10192527 9805
10206357 9805
10220454 9805
10232261 9805
10246399 9805
10260416 9805
10274231 9805
10287897 9805
10303373 9805
10316617 9805
10330755 9805
10345070 9805
10358238 9805
10371519 9805
10385308 9805
10398509 9805
10411993 9805
10424335 9805
10437880 9805
10454001 9805
10468529 9805
10483268 9805
10498193 9805
10511784 9805
10526278 9805
10539231 9805
10552952 9805
10564266 9805
10578411 9805
10592107 9805
10604695 9805
10619380 9805
10631223 9805
10643272 9805
10656316 9805
10668429 9805
10682578 9805
10696346 9805
10710243 9805
10724102 9805
10738499 9805
10752834 9805
10764219 9805
10778014 9805
10792194 9805
10805979 9805
10819364 9805
10832734 9805
10846903 9805
10861490 9805
10873050 9805
10888082 9805
10902923 9805
10917601 9805
10932059 9805
10946329 9805
10959086 9805
10971566 9805
10986216 9805
11000353 9805
11014697 9805
11026641 9805
11037943 9805
11052103 9805
11066504 9805
11080512 9805
11094205 9805
11105424 9805
11117208 9805
11131483 9805
11144136 9805
11157763 9805
11169008 9805
11182610 9805
11195654 9805
11209484 9805
11222558 9805
11235554 9805
11249558 9805
11263049 9805
11275224 9805
11288537 9805
11299925 9805
11313712 9805
11327352 9805
11341763 9805
11355646 9805
11367226 9805
11381020 9805
11393863 9805
11405855 9805
11419041 9805
11432990 9805
11444438 9805
11457572 9805
11468983 9805
11482121 9805
11494080 9805
11507571 9805
11521509 9805
11537535 9805
11550667 9805
11564949 9805
11576436 9805
11589955 9805
11604309 9805
11618068 9805
11629011 9805
11644588 9805
11659980 9805
11673826 9805
11687911 9805
11702988 9805
11716701 9805
11729915 9805
11742359 9805
11756806 9805
11768545 9805
11780012 9805
11793907 9805
11808861 9805
11822857 9805
11835796 9805
11849510 9805
11861117 9805
11874241 9805
11886061 9805
11899559 9805
11912254 9805
11924115 9805
11937039 9805
11949613 9805
11961838 9805
11972928 9805
11987341 9805
12001486 9805
12015616 9805
12026693 9805
12040736 9805
12054876 9805
12068905 9805
12083186 9805
12096274 9805
12109450 9805
12123608 9805
12137968 9805
12152559 9805
12166868 9805
12177858 9805
12191812 9805
12205556 9805
12219141 9805
12232399 9805
12243726 9805
12257154 9805
12271522 9805
12285939 9805
12300172 9805
12312329 9805
12326611 9805
12339886 9805
12354156 9805
12368427 9805
12382574 9805
12395063 9805
12408002 9805
12420392 9805
12435060 9805
12448428 9805
12464074 9805
12480408 9805
12491827 9805
12505457 9805
12517195 9805
12531466 9805
12542691 9805
12556354 9805
12570257 9805
12584293 9805
12595282 9805
12609086 9805
12620033 9805
12632554 9805
12646533 9805
12657826 9805
12671887 9805
12685515 9805
12699434 9805
12713718 9805
12728200 9805
12739692 9805
12755887 9805
12770181 9805
12782286 9805
12795823 9805
12809299 9805
12823516 9805
12837018 9805
12848217 9805
12862121 9805
12876073 9805
12891897 9805
12905830 9805
12919871 9805
12934581 9805
12948532 9805
12960282 9805
12973592 9805
12985507 9805
12999229 9805
13011783 9805
13025893 9805
13040842 9805
13053414 9805
13067251 9805
13080640 9805
13091680 9805
13104318 9805
13116798 9805
13130137 9805
13143434 9805
13154469 9805
13168919 9805
13183585 9805
13197305 9805
13211105 9805
13225900 9805
13238108 9805
13252504 9805
13264148 9805
13277877 9805
13289480 9805
13300744 9805
13314650 9805
13327832 9805
13341898 9805
13353875 9805
13367072 9805
13378406 9805
13392115 9805
13405237 9805
13418863 9805
13431913 9805
13446297 9805
13461983 9805
13477455 9805
13491759 9805
13505972 9805
13518734 9805
13530886 9805
13543952 9805
13558858 9805
13573221 9805
13584956 9805
13599628 9805
13611939 9805
13626340 9805
13640308 9805
13654615 9805
13668108 9805
13679711 9805
13691543 9805
13704471 9805
13718923 9805
13733242 9805
13745409 9805
13756496 9805
13770796 9805
13784926 9805
13798363 9805
13809416 9805
13823463 9805
13836354 9805
13848034 9805
13860870 9805
13875062 9805
13887964 9805
13899458 9805
13913279 9805
13926351 9805
13939248 9805
13955031 9805
13969225 9805
13983226 9805
13997613 9805
14009631 9805
14023952 9805
14035302 9805
14049199 9805
14062053 9805
14074109 9805
14088146 9805
14099218 9805
14112962 9805
14124985 9805
14136280 9805
14149876 9805
14163824 9805
14177225 9805
14190035 9805
14204093 9805
14218027 9805
14229589 9805
14244301 9805
14255289 9805
14268578 9805
14280624 9805
14294557 9805
14309690 9805
14323991 9805
14336181 9805
14347987 9805
14361134 9805
14372748 9805
14386311 9805
14397538 9805
14411044 9805
14425588 9805
14439905 9805
14454109 9805
14465752 9805
14479205 9805
14493499 9805
14507704 9805
14520968 9805
14534937 9805
14546617 9805
14560515 9805
14574722 9805
14589376 9805
14602994 9805
14617235 9805
14629110 9805
14643304 9805
14654584 9805
14668749 9805
14681755 9805
14695930 9805
14709330 9805
14720993 9805
14735223 9805
14749253 9805
14763640 9805
14778180 9805
14792056 9805
14805778 9805
14817474 9805
14829565 9805
14843071 9805
14855005 9805
14869372 9805
14882227 9805
14895805 9805
14909245 9805
14922354 9805
14935572 9805
14949723 9805
14963319 9805
14977540 9805
14991153 9805
15003206 9805
15018680 9805
15030588 9805
15042481 9805
15055615 9805
15068601 9805
15082238 9805
15094168 9805
15107973 9805
15121274 9805
15132788 9805
15144572 9805
15157904 9805
15171854 9805
15185689 9805
15201670 9805
15212801 9805
15224634 9805
15238001 9805
15249775 9805
15260800 9805
15275924 9805
15288281 9805
15302669 9805
15316885 9805
15330900 9805
15345322 9805
15356611 9805
15368366 9805
15379597 9805
15391669 9805
15402950 9805
15413837 9805
15426967 9805
15439915 9805
15453863 9805
15466422 9805
15479233 9805
15490566 9805
15504461 9805
15516555 9805
15527533 9805
15541093 9805
15553094 9805
15566911 9805
15583900 9805
15598076 9805
15611149 9805
15625980 9805
15639993 9805
15653599 9805
15664609 9805
15676117 9805
15687110 9805
15698758 9805
15712555 9805
15726207 9805
15740863 9805
15754670 9805
15765787 9805
15778205 9805
15791862 9805
15805343 9805
15816348 9805
15830047 9805
15845306 9805
15858969 9805
15871857 9805
15882975 9805
15897043 9805
15909088 9805
15922979 9805
15936465 9805
15949962 9805
15963974 9805
15977008 9805
15990928 9805
16004839 9805
16017876 9805
16031521 9805
16045611 9805
16059731 9805
16073023 9805
16084293 9805
16099287 9805
16113363 9805
16124466 9805
16138588 9805
16152259 9805
16163322 9805
16176449 9805
16188920 9805
16201887 9805
16212957 9805
16226678 9805
16241034 9805
16254900 9805
16269219 9805
16283207 9805
16297621 9805
16311768 9805
16328425 9805
16342261 9805
16356474 9805
16371098 9805
16384531 9805
16395487 9805
16409042 9805
16422092 9805
16435203 9805
16448984 9805
16463677 9805
16477703 9805
16490946 9805
16505686 9805
16519280 9805
16532580 9805
16544230 9805
16555723 9805
16566898 9805
16578914 9805
16593095 9805
16604252 9805
16615675 9805
16629326 9805
16643983 9805
16658026 9805
16669650 9805
16683841 9805
16695530 9805
16707592 9805
16721667 9805
16735717 9805
16751444 9805
16766001 9805
16779240 9805
16792583 9805
16806637 9805
16819939 9805
16831581 9805
16844792 9805
16857084 9805
16870781 9805
16885062 9805
16898364 9805
16910653 9805
16922514 9805
16936593 9805
16951029 9805
16964944 9805
16976044 9805
16988600 9805
17002071 9805
17015895 9805
17029831 9805
17044408 9805
17058420 9805
17072421 9805
17085973 9805
17100246 9805
17114949 9805
17128996 9805
17145235 9805
17159459 9805
17172881 9805
17187106 9805
17201054 9805
17214687 9805
17228070 9805
17242174 9805
17256637 9805
17269332 9805
17283172 9805
17294157 9805
17308021 9805
17319709 9805
17332694 9805
17346510 9805
17360307 9805
17374634 9805
17389074 9805
17403726 9805
17417858 9805
17431045 9805
17444290 9805
17457173 9805
17470368 9805
17484318 9805
17497948 9805
17509352 9805
17523212 9805
17534370 9805
17545952 9805
17559366 9805
17573849 9805
17588258 9805
17601972 9805
17616176 9805
17628526 9805
17639455 9805
17652712 9805
17666301 9805
17680064 9805
17694076 9805
17706951 9805
17720209 9805
17733514 9805
17745490 9805
17758274 9805
17771519 9805
17782559 9805
17793736 9805
17805051 9805
17818216 9805
17830842 9805
17844869 9805
17859073 9805
17871118 9805
17884821 9805
17899123 9805
17912185 9805
17926093 9805
17940094 9805
17951973 9805
17965266 9805
17979369 9805
17993527 9805
18007682 9805
18022719 9805
18036725 9805
18047878 9805
18062030 9805
18072954 9805
18087495 9805
18101343 9805
18115519 9805
18128301 9805
18140675 9805
18154375 9805
18165337 9805
18177571 9805
18191274 9805
18205697 9805
18220391 9805
18231804 9805
18244904 9805
18259318 9805
18272129 9805
18286434 9805
18298943 9805
18310736 9805
18323902 9805
18335878 9805
18347772 9805
18361881 9805
18375112 9805
18386974 9805
18398564 9805
18409831 9805
18423210 9805
18437374 9805
18450911 9805
18464520 9805
18478810 9805
18492936 9805
18506069 9805
18518789 9805
18531733 9805
18543639 9805
18558035 9805
18572606 9805
18584547 9805
18596189 9805
18609496 9805
18623939 9805
18639064 9805
18652966 9805
18666603 9805
18678452 9805
18692878 9805
18707084 9805
18718824 9805
18730135 9805
18743184 9805
18757875 9805
18773517 9805
18787826 9805
18799372 9805
18813384 9805
18828204 9805
18842449 9805
18858464 9805
18872108 9805
18886320 9805
18901120 9805
18914549 9805
18928379 9805
18940943 9805
18952316 9805
18966145 9805
18977456 9805
18990308 9805
19005128 9805
19019449 9805
19033217 9805
19046348 9805
19058056 9805
19070790 9805
19084178 9805
19097406 9805
19110647 9805
19123842 9805
19135375 9805
19149165 9805
19162686 9805
19176868 9805
19190821 9805
19204738 9805
19218864 9805
19232921 9805
19247859 9805
19260691 9805
19272284 9805
19283433 9805
19295154 9805
19308300 9805
19322313 9805
19334494 9805
19348677 9805
19362947 9805
19375442 9805
19390873 9805
19404864 9805
19419046 9805
19430788 9805
19443341 9805
19454930 9805
19469312 9805
19480672 9805
19493807 9805
19507969 9805
19519451 9805
19532705 9805
19546615 9805
19559503 9805
19573590 9805
19587694 9805
19602064 9805
19616018 9805
19627510 9805
19642974 9805
19656510 9805
19670562 9805
19681876 9805
19696506 9805
19710434 9805
19723148 9805
19737356 9805
19750548 9805
19763954 9805
19777807 9805
19791968 9805
19804945 9805
19819743 9805
19834151 9805
19845218 9805
19859347 9805
19873310 9805
19887445 9805
19898529 9805
19910501 9805
19921944 9805
19936091 9805
19951849 9805
19966481 9805
19980026 9805
19993968 9805
20008282 9805
20022778 9805
20036367 9805
20049429 9805
20063928 9805
20078509 9805
20093116 9805
20108984 9805
20125720 9805
20139471 9805
20155043 9805
20169602 9805
20184478 9805
20198045 9805
20210250 9805
20223829 9805
20238050 9805
20252450 9805
20267559 9805
20278577 9805
20292977 9805
20307285 9805
20322978 9805
20336108 9805
20349166 9805
20362513 9805
20375843 9805
20390256 9805
20404408 9805
20418269 9805
20432249 9805
20446611 9805
20460631 9805
20477086 9805
20489283 9805
20500539 9805
20514086 9805
20525877 9805
20537646 9805
20550611 9805
20564371 9805
20577610 9805
20592115 9805
20603705 9805
20616561 9805
20631863 9805
20645805 9805
20659068 9805
20672330 9805
20686092 9805
20697832 9805
20712163 9805
20726495 9805
20740698 9805
20754879 9805
20767438 9805
20781089 9805
20794883 9805
20807005 9805
20820458 9805
20833864 9805
20847527 9805
20861153 9805
20875461 9805
20889877 9805
20903721 9805
20917973 9805
20931073 9805
20944851 9805
20959115 9805
20973315 9805
20985309 9805
20999331 9805
21013519 9805
21027638 9805
21040099 9805
21053833 9805
21069721 9805
21084703 9805
21100701 9805
21114085 9805
21127704 9805
21139796 9805
21153139 9805
21164292 9805
21178165 9805
21191727 9805
21202797 9805
21215944 9805
21227853 9805
21240805 9805
21254800 9805
21266277 9805
21279899 9805
21293462 9805
21307744 9805
21319995 9805
21331903 9805
21346079 9805
21360433 9805
21373890 9805
21387900 9805
21401843 9805
21416060 9805
21429744 9805
21443698 9805
21455246 9805
21466744 9805
21478780 9805
21492645 9805
21506599 9805
21520520 9805
21535124 9805
21549183 9805
21561344 9805
21576158 9805
21590053 9805
21603105 9805
21615412 9805
21628662 9805
21641561 9805
21655297 9805
21668966 9805
21683005 9805
21697176 9805
21711182 9805
21725388 9805
21737155 9805
21751530 9805
21766125 9805
21778916 9805
21792528 9805
21804924 9805
21817629 9805
21829165 9805
21843466 9805
21858216 9805
21871297 9805
21884159 9805
21898049 9805
21909428 9805
21922014 9805
21933199 9805
21946962 9805
21958262 9805
21971944 9805
21985775 9805
21999066 9805
22013609 9805
22026251 9805
22040320 9805
22054360 9805
22066805 9805
22080464 9805
22094087 9805
22105077 9805
22119600 9805
22133424 9805
22144512 9805
22158712 9805
22173680 9805
22186490 9805
22197878 9805
22211043 9805
22222136 9805
22237083 9805
22251521 9805
22262683 9805
22275826 9805
22289987 9805
22304637 9805
22318149 9805
22330097 9805
22343666 9805
22357932 9805
22375474 9805
22389152 9805
22400175 9805
22414226 9805
22427656 9805
22440797 9805
22454978 9805
22470827 9805
22482911 9805
22496795 9805
22511017 9805
22527380 9805
22540484 9805
22554352 9805
22568159 9805
22582633 9805
22593959 9805
22607602 9805
22621993 9805
22634338 9805
22647650 9805
22661458 9805
22672815 9805
22683873 9805
22697294 9805
22708897 9805
22722814 9805
22735877 9805
22749201 9805
22762838 9805
22776017 9805
22789843 9805
22801757 9805
22813056 9805
22824711 9805
22836058 9805
22847580 9805
22860713 9805
22875020 9805
22886509 9805
22897536 9805
22910019 9805
22921145 9805
22932438 9805
22946656 9805
22957650 9805
22970946 9805
22982044 9805
22994871 9805
23007236 9805
23020099 9805
23031725 9805
23045271 9805
23058456 9805
23071596 9805
23087302 9805
23099921 9805
23111190 9805
23124652 9805
23138617 9805
23152309 9805
23163722 9805
23176265 9805
23190225 9805
23202034 9805
23213822 9805
23227682 9805
23240817 9805
23255082 9805
23267918 9805
23281736 9805
23296293 9805
23312879 9805
23325495 9805
23339076 9805
23353356 9805
23364397 9805
23378346 9805
23392276 9805
23405019 9805
23419186 9805
23433751 9805
23446623 9805
23457881 9805
23468970 9805
23482936 9805
23494053 9805
23510209 9805
23526192 9805
23538759 9805
23552988 9805
23568949 9805
23582017 9805
23595362 9805
23609013 9805
23623080 9805
23636517 9805
23649601 9805
23661151 9805
23675015 9805
23686823 9805
23698322 9805
23711332 9805
23725415 9805
23739415 9805
23752905 9805
23767516 9805
23781023 9805
23794447 9805
23806065 9805
23819588 9805
23833552 9805
23847724 9805
23862262 9805
23875782 9805
23889339 9805
23902388 9805
23916576 9805
23929538 9805
23943754 9805
23958512 9805
23972667 9805
23988205 9805
24002540 9805
24014827 9805
24028672 9805
24042875 9805
24057190 9805
24071980 9805
24085454 9805
24097236 9805
24108254 9805
24122451 9805
24135985 9805
24147666 9805
24160167 9805
24171390 9805
24183052 9805
24197545 9805
24208709 9805
24221362 9805
24235081 9805
24248838 9805
24261066 9805
24274370 9805
24285529 9805
24299240 9805
24311253 9805
24327281 9805
24340886 9805
24353971 9805
24366002 9805
24379295 9805
24392861 9805
24409473 9805
24423015 9805
24439289 9805
24454064 9805
24466401 9805
24481986 9805
24493918 9805
24506131 9805
24520034 9805
24535760 9805
24549837 9805
24564021 9805
24578530 9805
24591245 9805
24605244 9805
24616835 9805
24627936 9805
24639048 9805
24650888 9805
24664805 9805
24678026 9805
24692168 9805
24706569 9805
24721289 9805
24736154 9805
24750965 9805
24764855 9805
24778648 9805
24790459 9805
24804872 9805
24819295 9805
24831112 9805
24844182 9805
24855444 9805
24866506 9805
24877819 9805
24889663 9805
24901353 9805
24917467 9805
24931436 9805
24947061 9805
24960781 9805
24973033 9805
24986248 9805
25001299 9805
25015385 9805
25028827 9805
25042682 9805
25056688 9805
25070020 9805
25081578 9805
25095286 9805
25109100 9805
25120551 9805
25134858 9805
25148802 9805
25162768 9805
25176842 9805
25188131 9805
25202000 9805
25216397 9805
25228130 9805
25241745 9805
25253479 9805
25268240 9805
25279311 9805
25292989 9805
25306668 9805
25320079 9805
25332213 9805
25343209 9805
25356290 9805
25369458 9805
25383281 9805
25394484 9805
25405607 9805
25417490 9805
25432013 9805
25444690 9805
25458369 9805
25472580 9805
25485713 9805
25500439 9805
25512190 9805
25523337 9805
25537555 9805
25550413 9805
25564878 9805
25578916 9805
25593031 9805
25606676 9805
25617560 9805
25631317 9805
25644263 9805
25659648 9805
25673262 9805
25686315 9805
25697459 9805
25710728 9805
25722330 9805
25737025 9805
25752609 9805
25766586 9805
25780507 9805
25796274 9805
25808671 9805
25822807 9805
25836297 9805
25847694 9805
25858794 9805
25872518 9805
25886902 9805
25899961 9805
25911185 9805
25923819 9805
25938386 9805
25952415 9805
25963815 9805
25977889 9805
25991559 9805
26005379 9805
26018017 9805
26029092 9805
26042804 9805
26056894 9805
26068845 9805
26080105 9805
26093163 9805
26105372 9805
26118014 9805
26131529 9805
26145429 9805
26158468 9805
26174095 9805
26188927 9805
26202042 9805
26216246 9805
26228072 9805
26241050 9805
26253200 9805
26264212 9805
26275951 9805
26290136 9805
26301887 9805
26314382 9805
26326138 9805
26338904 9805
26351442 9805
26362944 9805
26379209 9805
26393453 9805
26407461 9805
26418509 9805
26429554 9805
26442923 9805
26456215 9805
26470327 9805
26484088 9805
26499694 9805
26513979 9805
26527764 9805
26540669 9805
26555226 9805
26569261 9805
26583159 9805
26597736 9805
26610821 9805
26625947 9805
26639110 9805
26652841 9805
26667707 9805
26679044 9805
26692437 9805
26707513 9805
26722007 9805
26735993 9805
26750870 9805
26764516 9805
26778805 9805
26792857 9805
26804457 9805
26816987 9805
26830830 9805
26844710 9805
26858814 9805
26870741 9805
26883193 9805
26896888 9805
26910339 9805
26923771 9805
26936886 9805
26947854 9805
26959930 9805
26973663 9805
26988870 9805
27002639 9805
27017210 9805
27031457 9805
27042835 9805
27054540 9805
27067328 9805
27079978 9805
27092095 9805
27105772 9805
27120866 9805
27134615 9805
27149061 9805
27162316 9805
27176298 9805
27190298 9805
27201743 9805
27215293 9805
27229054 9805
27241170 9805
27255345 9805
27268342 9805
27279882 9805
27293657 9805
27305267 9805
27316390 9805
27330348 9805
27341371 9805
27355342 9805
27370281 9805
27384533 9805
27396620 9805
27410749 9805
27425519 9805
27436810 9805
27448005 9805
27461212 9805
27474355 9805
27488517 9805
27502272 9805
27514204 9805
27526363 9805
27539313 9805
27553655 9805
27565458 9805
27579520 9805
27593747 9805
27609716 9805
27622995 9805
27636260 9805
27647477 9805
27661382 9805
27675506 9805
27686571 9805
27700641 9805
27711782 9805
27726783 9805
27740493 9805
27753196 9805
27767376 9805
27781730 9805
27795317 9805
27807669 9805
27822030 9805
27833986 9805
27847517 9805
27861646 9805
27875495 9805
27890741 9805
27904701 9805
27918740 9805
27929951 9805
27942363 9805
27953489 9805
27967080 9805
27979816 9805
27991421 9805
28002460 9805
28016458 9805
28030012 9805
28043048 9805
28057272 9805
28071604 9805
28085247 9805
28096575 9805
28111770 9805
28126176 9805
28139592 9805
28152444 9805
28166160 9805
28180521 9805
28194756 9805
28208211 9805
28219776 9805
28235430 9805
28249917 9805
28264137 9805
28275670 9805
28287712 9805
28301059 9805
28313807 9805
28325071 9805
28338917 9805
28352230 9805
28364682 9805
28378695 9805
28392180 9805
28406302 9805
28417276 9805
28430982 9805
28441935 9805
28455952 9805
28471149 9805
28485594 9805
28499067 9805
28513131 9805
28527411 9805
28541112 9805
28554705 9805
28567954 9805
28579738 9805
28591585 9805
28603741 9805
28615564 9805
28630713 9805
28643730 9805
28656280 9805
28669027 9805
28681944 9805
28693646 9805
28704741 9805
28716702 9805
28729315 9805
28742973 9805
28756876 9805
28772118 9805
28785627 9805
28801014 9805
28815012 9805
28826779 9805
28838340 9805
28850935 9805
28865359 9805
28878989 9805
28893205 9805
28906988 9805
28920982 9805
28934604 9805
28948480 9805
28962075 9805
28975918 9805
28990289 9805
29004098 9805
29015764 9805
29027013 9805
29038284 9805
29050988 9805
29064872 9805
29079890 9805
29094322 9805
29107456 9805
29121173 9805
29133066 9805
29146970 9805
29163028 9805
29175977 9805
29188792 9805
29201721 9805
29216164 9805
29229819 9805
29242908 9805
29257331 9805
29270700 9805
29282621 9805
29297013 9805
29308523 9805
29322082 9805
29335993 9805
29349239 9805
29362665 9805
29376620 9805
29390731 9805
29405553 9805
29421192 9805
29435458 9805
29449910 9805
29464230 9805
29478935 9805
29492601 9805
29507942 9805
29522465 9805
29536254 9805
29547832 9805
29561429 9805
29574970 9805
29587097 9805
29599251 9805
29613314 9805
29627351 9805
29640564 9805
29654000 9805
29665079 9805
29676345 9805
29689463 9805
29703473 9805
29714929 9805
29731146 9805
29745367 9805
29759795 9805
29773656 9805
29786980 9805
29800087 9805
29811486 9805
29824252 9805
29837409 9805
29851400 9805
29863375 9805
29879512 9805
29894690 9805
29906513 9805
29920321 9805
29934247 9805
29951323 9805
29965553 9805
29979414 9805
29993358 9805
30007592 9805
30021045 9805
30035355 9805
30050827 9805
30064860 9805
30076917 9805
30089936 9805
30103182 9805
30120576 9805
30133532 9805
30147741 9805
30162537 9805
30177189 9805
30190586 9805
30204917 9805
30217948 9805
30232064 9805
30246200 9805
30257350 9805
30270711 9805
30284504 9805
30295645 9805
30310180 9805
30324025 9805
30338183 9805
30352626 9805
30366998 9805
30381363 9805
30394212 9805
30405289 9805
30419661 9805
30432236 9805
30446107 9805
30458210 9805
30474434 9805
30488750 9805
30501983 9805
30515026 9805
30527877 9805
30538818 9805
30550978 9805
30564643 9805
30577695 9805
30591230 9805
30604763 9805
30618625 9805
30632553 9805
30646598 9805
30660252 9805
30676211 9805
30690345 9805
30702818 9805
30716371 9805
30730509 9805
30743841 9805
30758188 9805
30771399 9805
30785140 9805
30797634 9805
30811739 9805
30826400 9805
30840840 9805
30854611 9805
30869508 9805
30882542 9805
30896275 9805
30909639 9805
30920914 9805
30934874 9805
30948696 9805
30963035 9805
30977788 9805
30991748 9805
31005943 9805
31017099 9805
31031131 9805
31044674 9805
31058993 9805
31072687 9805
31086654 9805
31100473 9805
31111303 9805
31122682 9805
31133741 9805
31147403 9805
31161690 9805
31175938 9805
31189905 9805
31203424 9805
31217588 9805
31230134 9805
31241414 9805
31252750 9805
31263927 9805
31278051 9805
31291997 9805
31303176 9805
31315071 9805
31330206 9805
31345626 9805
31360065 9805
31373445 9805
31386991 9805
31401417 9805
31413506 9805
31427523 9805
31442542 9805
31456371 9805
31470894 9805
31486490 9805
31498573 9805
31510639 9805
31522574 9805
31536093 9805
31548892 9805
31562846 9805
31576300 9805
31588200 9805
31601264 9805
31615438 9805
31629145 9805
31643225 9805
31660595 9805
31673411 9805
31686610 9805
31700891 9805
31713555 9805
31726763 9805
31738789 9805
31752899 9805
31765677 9805
31779162 9805
31793608 9805
31807648 9805
31821379 9805
31834001 9805
31846683 9805
31857593 9805
31871402 9805
31885989 9805
31901262 9805
31916030 9805
31927856 9805
31939054 9805
31950313 9805
31964390 9805
31975970 9805
31987019 9805
31998322 9805
32009885 9805
32022402 9805
32036857 9805
32048603 9805
32059995 9805
32073620 9805
32086683 9805
32101466 9805
32114512 9805
32128252 9805
32140585 9805
32154496 9805
32170266 9805
32182590 9805
32195463 9805
32209169 9805
32221906 9805
32235721 9805
32248058 9805
32260178 9805
32271603 9805
32284709 9805
32298042 9805
32310786 9805
32321829 9805
32332726 9805
32345570 9805
32356716 9805
32370854 9805
32382687 9805
32393636 9805
32405399 9805
32419490 9805
32430568 9805
32444727 9805
32458290 9805
32473167 9805
32490135 9805
32503975 9805
32518331 9805
32531789 9805
32545379 9805
32558631 9805
32571552 9805
32585471 9805
32599092 9805
32612215 9805
32625303 9805
32639144 9805
32652576 9805
32668025 9805
32682596 9805
32696005 9805
32709882 9805
32723886 9805
32737945 9805
32752326 9805
32763529 9805
32777633 9805
32791770 9805
32805225 9805
32818313 9805
32829268 9805
32841121 9805
32854598 9805
32868772 9805
32883565 9805
32897742 9805
32912960 9805
32924994 9805
32936960 9805
32948064 9805
32962193 9805
32975875 9805
32988551 9805
33002001 9805
33016217 9805
33031804 9805
33046361 9805
33057405 9805
33072420 9805
33083573 9805
33097319 9805
33111563 9805
33124974 9805
33138292 9805
33152591 9805
33165744 9805
33181248 9805
33195484 9805
33209303 9805
33222451 9805
33239106 9805
33250209 9805
33263906 9805
33277880 9805
33291154 9805
33305630 9805
33321780 9805
33333896 9805
33347856 9805
33360468 9805
33376006 9805
33390363 9805
33404317 9805
33418800 9805
33431536 9805
33446749 9805
33461264 9805
33475663 9805
33490103 9805
33503543 9805
33515349 9805
33529081 9805
33542971 9805
33556878 9805
33568171 9805
33580200 9805
33595990 9805
33609856 9805
33621081 9805
33635078 9805
33649245 9805
33663646 9805
33677514 9805
33691805 9805
33705013 9805
33719042 9805
33732719 9805
33748201 9805
33760099 9805
33774228 9805
33785202 9805
33798013 9805
33811843 9805
33823456 9805
33837843 9805
33850729 9805
33866849 9805
33877800 9805
33891400 9805
33904410 9805
33918222 9805
33932384 9805
33946792 9805
33959951 9805
33974069 9805
33986862 9805
33998570 9805
34012918 9805
34024743 9805
34038050 9805
34052073 9805
34065981 9805
34077767 9805
34091646 9805
34104157 9805
34118193 9805
34133189 9805
34147310 9805
34163291 9805
34177229 9805
34190163 9805
34202994 9805
34216286 9805
34230496 9805
34243314 9805
34257201 9805
34268545 9805
34282278 9805
34295774 9805
34309843 9805
34324450 9805
34338881 9805
34350180 9805
34363992 9805
34378295 9805
34392247 9805
34406505 9805
34418528 9805
34429595 9805
34442703 9805
34456579 9805
34472725 9805
34486508 9805
34500997 9805
34515441 9805
34526857 9805
34540413 9805
34553534 9805
34567636 9805
34580623 9805
34594607 9805
34608780 9805
34622519 9805
34636970 9805
34647947 9805
34661238 9805
34673792 9805
34687589 9805
34700703 9805
34714730 9805
34730585 9805
34742573 9805
34756996 9805
34771674 9805
34785592 9805
34800006 9805
34815200 9805
34828555 9805
34842343 9805
34855730 9805
34869598 9805
34883134 9805
34897609 9805
34913964 9805
34928057 9805
34942816 9805
34956959 9805
34970896 9805
34985123 9805
35002573 9805
35015854 9805
35030277 9805
35044716 9805
35060923 9805
35075017 9805
35088869 9805
35100260 9805
35113784 9805
35125990 9805
35138380 9805
35150153 9805
35164699 9805
35177196 9805
35190998 9805
35205512 9805
35219607 9805
35234004 9805
35245386 9805
35256707 9805
35270942 9669
35285743 9669
35299376 9669
35313460 9669
35325988 9669
35337880 9669
35350691 9669
35361864 9669
35375416 9669
35386688 9669
35400223 9669
35414346 9669
35428512 9669
35442656 9669
35454112 9669
35468064 9669
35482079 9669
35495012 9540
35506503 9540
35521460 9540
35532691 9540
35546613 9540
35560497 9540
35572999 9540
35584399 9540
35596185 9540
35607761 9540
35619674 9540
35631661 9540
35643639 9540
35657095 9540
35670670 9540
35686165 9540
35699765 9540
35711975 9540
35723201 9540
35737282 9540
35749498 9540
35760554 9540
35775134 9540
35789094 9540
35803323 9540
35816660 9540
35830445 9540
35843214 9540
35857126 9540
35869737 9540
35883190 9540
35894297 9540
35905487 9540
35916638 9540
35930373 9540
35942515 9540
35956670 9540
35971956 9540
35985711 9540
35999680 9540
36011620 9540
36024621 9540
36038630 9540
36052018 9540
36065676 9540
36081621 9540
36095762 9540
36110187 9540
36124298 9540
36138219 9540
36149861 9540
36163288 9540
36177307 9540
36191398 9540
36202748 9540
36216925 9540
36228135 9540
36242161 9540
36256216 9540
36270622 9540
36283941 9540
36295943 9540
36309378 9540
36323671 9540
36337396 9540
36351303 9540
36365407 9540
36379596 9540
36393456 9540
36408016 9540
36420019 9540
36434441 9540
36448956 9540
36462152 9540
36475357 9540
36487308 9540
36501517 9540
36515482 9540
36529562 9540
36543531 9540
36557777 9540
36571758 9540
36584823 9540
36596305 9540
36610343 9540
36621409 9540
36633215 9540
36647153 9540
36661193 9540
36675499 9540
36689447 9540
36703054 9540
36716970 9540
36730831 9540
36745175 9540
36756221 9540
36769775 9540
36780879 9540
36792303 9540
36806527 9540
36818288 9540
36831091 9540
36844261 9540
36855975 9540
36870855 9540
36886344 9540
36900368 9540
36914185 9540
36928070 9540
36942531 9540
36959115 9540
36973602 9540
36987481 9540
37001241 9540
37012293 9540
37026342 9540
37040268 9540
37051405 9540
37064475 9540
37078792 9540
37093347 9540
37106754 9540
37119738 9540
37133842 9540
37145523 9540
37157881 9540
37170873 9540
37181947 9540
37195974 9540
37210297 9540
37223508 9540
37237369 9540
37249162 9540
37263035 9540
37275897 9540
37289768 9540
37301151 9540
37312760 9540
37328291 9540
37342615 9540
37356081 9540
37370364 9540
37386778 9540
37399282 9540
37413089 9540
37427094 9540
37441038 9540
37456232 9540
37469774 9540
37481669 9540
37492715 9540
37504583 9540
37515653 9540
37527162 9540
37540272 9540
37552221 9540
37565977 9540
37580887 9540
37595859 9540
37610418 9540
37622873 9540
37634012 9540
37646937 9540
37660658 9540
37674802 9540
37687682 9540
37699863 9540
37713995 9540
37728539 9540
37744451 9540
37759032 9540
37774074 9540
37787591 9540
37801302 9540
37813167 9540
37827551 9540
37841726 9540
37855256 9540
37869250 9540
37883017 9540
37898247 9540
37911337 9540
37925694 9540
37938875 9540
37950814 9540
37961744 9540
37972704 9540
37986763 9540
38001123 9540
38014199 9540
38027935 9540
38043052 9540
38056134 9540
38067433 9540
38081305 9540
38095255 9540
38109206 9540
38123679 9540
38137795 9540
38151380 9540
38164364 9540
38178205 9540
38189322 9540
38203861 9540
38219658 9540
38234702 9540
38246705 9540
38260962 9540
38272087 9540
38285407 9540
38298165 9540
38311851 9540
38327148 9540
38341460 9540
38355878 9540
38369036 9540
38383503 9540
38396780 9540
38412972 9540
38428279 9540
38442827 9540
38453795 9540
38465209 9540
38476527 9540
38490046 9540
38502769 9540
38516387 9540
38531704 9540
38543087 9540
38555367 9540
38568025 9540
38582189 9540
38595771 9540
38606718 9540
38621143 9540
38636376 9540
38651260 9540
38664962 9540
38677197 9540
38690698 9540
38701990 9540
38716028 9540
38729685 9540
38742438 9540
38756788 9540
38769901 9540
38783957 9540
38796127 9540
38809486 9540
38823758 9540
38837640 9540
38851406 9540
38866052 9540
38879051 9540
38893413 9540
38907497 9540
38920438 9540
38934431 9540
38946196 9540
38960603 9540
38975083 9540
38989072 9540
39001151 9540
39015630 9540
39026981 9540
39038878 9540
39054649 9540
39068844 9540
39082882 9540
39096175 9540
39109473 9540
39120639 9540
39134599 9540
39148059 9540
39162105 9540
39173590 9540
39184433 9540
39197766 9540
39212582 9540
39226047 9540
39237152 9540
39251222 9540
39262940 9540
39276326 9540
39290482 9540
39304541 9540
39318425 9540
39334487 9540
39348191 9540
39359094 9540
39372022 9540
39385500 9540
39399573 9540
39410742 9540
39421731 9540
39436128 9540
39448156 9540
39462347 9540
39476564 9540
39490341 9540
39501662 9540
39515394 9540
39529760 9540
39544028 9540
39557882 9540
39571170 9540
39582988 9540
39596871 9540
39608468 9540
39622231 9540
39633542 9540
39647436 9540
39659089 9540
39672508 9540
39686757 9540
39698512 9540
39713474 9540
39724598 9540
39738570 9540
39752476 9540
39766463 9540
39780258 9540
39796894 9540
39809522 9540
39823995 9540
39838456 9540
39853101 9540
39867202 9540
39882083 9540
39895976 9540
39910264 9540
39924335 9540
39936935 9540
39949123 9540
39962968 9540
39976830 9540
39992432 9540
40006421 9540
40018592 9540
40029948 9540
40045448 9540
40060219 9540
40073821 9540
40089517 9540
40100411 9540
40114411 9540
40128513 9540
40142552 9540
40156917 9540
40172327 9540
40185876 9540
40198671 9540
40212715 9540
40225613 9540
40239781 9540
40253755 9540
40268089 9540
40279444 9540
40293298 9540
40307816 9540
40319837 9540
40333310 9540
40345079 9540
40358476 9540
40372835 9540
40386966 9540
40401565 9540
40412561 9540
40426401 9540
40440587 9540
40456428 9540
40470653 9540
40483415 9540
40498602 9540
40512476 9540
40526174 9540
40540237 9540
40551450 9540
40562419 9540
40575802 9540
40589941 9540
40604090 9540
40618601 9540
40629959 9540
40644005 9540
40657518 9540
40671807 9540
40686307 9540
40699768 9540
40714120 9540
40728297 9540
40741914 9540
40753664 9540
40765440 9540
40777040 9540
40790996 9540
40802720 9540
40817165 9540
40834509 9540
40848126 9540
40861339 9540
40876182 9540
40887147 9540
40900747 9540
40913866 9540
40924939 9540
40940356 9540
40954890 9540
40968753 9540
40981656 9540
40997485 9540
41010355 9540
41024081 9540
41038811 9540
41052898 9540
41065566 9540
41076765 9540
41090094 9540
41103416 9540
41117226 9540
41128924 9540
41142880 9540
41156572 9540
41168392 9540
41182446 9540
41196070 9540
41207165 9540
41221119 9540
41235000 9540
41248308 9540
41262796 9540
41277798 9540
41290907 9540
41305634 9540
41316795 9540
41330492 9540
41344471 9540
41357470 9540
41372139 9540
41385751 9540
41399735 9540
41414256 9540
41428611 9540
41439741 9540
41453122 9540
41464312 9540
41477047 9540
41491396 9540
41505212 9540
41517335 9540
41530912 9540
41543897 9540
41558820 9540
41571645 9540
41585677 9540
41599178 9540
41612987 9540
41626002 9540
41637241 9540
41651692 9540
41666240 9540
41680421 9540
41692478 9540
41703428 9540
41717362 9540
41731227 9540
41745064 9540
41759652 9540
41773752 9540
41785046 9540
41796222 9540
41807749 9540
41821619 9492
41836045 9492
41850281 9390
41864020 9390
41877018 9390
41888892 9390
41902969 9390
41916640 9390
41929359 9390
41943404 9390
41954602 9390
41968383 9390
41982583 9390
41994720 9390
42008966 9390
42023084 9390
42037651 9390
42051617 9390
42063564 9390
42077502 9390
42090375 9390
42104196 9390
42118803 9390
42130184 9390
42141361 9390
42152782 9390
42166832 9390
42179922 9390
42194463 9390
42207516 9390
42219310 9390
42233140 9390
42246270 9390
42260640 9390
42275056 9390
42288926 9390
42300912 9390
42315184 9390
42329519 9390
42343322 9390
42357327 9390
42371044 9390
42382577 9390
42395734 9390
42411713 9390
42426230 9390
42439919 9390
42454807 9390
42468697 9390
42482810 9390
42497102 9390
42511384 9390
42524509 9390
42536248 9390
42550451 9390
42563642 9390
42576828 9390
42591229 9390
42605735 9390
42617992 9390
42630977 9390
42644825 9390
42656444 9390
42670537 9390
42685616 9390
42699573 9390
42712902 9390
42726699 9390
42740403 9390
42754086 9390
42766886 9390
42779846 9390
42791780 9390
42805433 9390
42820181 9390
42836228 9390
42851532 9390
42864974 9390
42878964 9390
42895635 9390
42910017 9390
42923633 9390
42935694 9390
42949912 9390
42964488 9390
42978481 9390
42994711 9390
43007947 9390
43018989 9390
43032627 9390
43044856 9390
43056679 9390
43069160 9390
43085398 9390
43098370 9390
43111652 9390
43124801 9390
43138621 9390
43152566 9390
43165284 9390
43176475 9390
43191984 9390
43205369 9390
43222210 9390
43233549 9390
43247133 9390
43260806 9390
43274491 9390
43287885 9390
43300997 9390
43311998 9390
43323735 9390
43337609 9390
43352062 9390
43365382 9390
43378816 9390
43390208 9390
43404614 9390
43416412 9390
43430643 9390
43441685 9390
43455849 9390
43471945 9390
43486148 9390
43497142 9390
43513397 9390
43527944 9390
43539313 9390
43552612 9390
43564615 9390
43578671 9390
43591120 9390
43603812 9390
43616684 9390
43630933 9390
43644390 9390
43657505 9390
43670504 9390
43683691 9390
43698193 9390
43709216 9390
43720615 9390
43734083 9390
43748466 9390
43759740 9390
43773813 9390
43788368 9390
43800307 9390
43814188 9390
43826611 9390
43840999 9390
43855227 9390
43869498 9390
43885111 9390
43896664 9390
43908372 9390
43919945 9390
43931271 9390
43942597 9390
43956121 9390
43969957 9390
43984534 9390
43996291 9390
44011548 9390
44023230 9390
44037008 9390
44050971 9390
44064868 9390
44079162 9390
44092968 9390
44105848 9390
44117125 9390
44131493 9390
44145999 9390
44157201 9390
44170224 9390
44181236 9390
44193205 9390
44207090 9390
44220604 9390
44232946 9390
44245137 9390
44256845 9390
44268006 9390
44283404 9390
44294769 9390
44308941 9390
44323445 9390
44337267 9390
44351357 9390
44365928 9390
44379147 9390
44393233 9390
44407272 9390
44419720 9390
44434027 9390
44447161 9390
44461149 9390
44474848 9390
44488015 9390
44502930 9390
44514020 9390
44528260 9390
44542718 9390
44556682 9390
44568615 9390
44580981 9390
44595512 9390
44607809 9390
44621847 9390
44634216 9390
44648542 9390
44660252 9390
44674737 9390
44688639 9390
44705473 9390
44719376 9390
44733794 9390
44747832 9390
44761524 9390
44775617 9390
44789263 9390
44803455 9390
44821599 9390
44833789 9390
44845361 9390
44856437 9390
44867916 9390
44881331 9390
44892316 9390
44905310 9390
44916173 9390
44929987 9390
44942146 9390
44956143 9390
44971065 9390
44984687 9390
44999993 9390
45013867 9390
45028368 9390
45042058 9390
45055859 9390
45066918 9390
45081031 9390
45095241 9390
45106565 9390
45120974 9390
45135031 9390
45149008 9390
45163120 9390
45177712 9390
45191906 9390
45206779 9390
45218927 9390
45235014 9390
45248618 9390
45262757 9390
45277230 9390
45291817 9390
45305996 9390
45319388 9390
45333034 9390
45347141 9390
45361412 9390
45375311 9390
45389257 9390
45403136 9390
45415249 9390
45429186 9390
45443265 9390
45457107 9390
45469928 9390
45483987 9390
45498627 9390
45513670 9390
45524970 9390
45537157 9390
45551490 9390
45566952 9390
45582021 9390
45592893 9390
45607070 9390
45622173 9390
45635375 9390
45649501 9390
45661128 9390
45675333 9390
45689315 9390
45702964 9390
45714468 9390
45726190 9390
45740454 9390
45754632 9390
45765622 9390
45779109 9390
45793367 9390
45807352 9390
45819836 9390
45833468 9390
45845461 9390
45859669 9390
45870719 9390
45881973 9390
45895239 9390
45908324 9390
45920963 9390
45932893 9390
45948814 9390
45960515 9390
45973547 9390
45986285 9390
46000817 9390
46014854 9390
46032026 9390
46047928 9390
46061859 9390
46076154 9390
46089263 9390
46103141 9390
46118957 9390
46133480 9390
46147175 9390
46159396 9390
46171856 9390
46186312 9390
46200344 9390
46214668 9390
46229009 9390
46243642 9390
46257255 9390
46270459 9390
46281363 9390
46293987 9390
46308375 9390
46322301 9390
46336336 9390
46350386 9390
46364183 9390
46375417 9390
46389683 9390
46403857 9390
46414809 9390
46428671 9390
46441960 9390
46453153 9390
46464346 9390
46476013 9390
46489852 9390
46503264 9390
46517194 9390
46528961 9390
46542126 9390
46553309 9390
46566924 9390
46580165 9390
46591602 9390
46606154 9390
46619516 9390
46632649 9390
46646274 9390
46659913 9390
46674113 9390
46688017 9390
46700017 9390
46713192 9390
46727556 9390
46742362 9390
46756492 9390
46770263 9390
46781424 9390
46795578 9390
46807178 9390
46820849 9390
46834168 9390
46848518 9390
46859545 9390
46872890 9390
46884286 9390
46895565 9390
46908511 9390
46919562 9390
46933730 9390
46944814 9390
46958075 9390
46970850 9390
46984660 9390
46998084 9390
47012560 9390
47026746 9390
47040885 9390
47055858 9390
47069547 9390
47083454 9390
47096374 9390
47109922 9390
47121065 9390
47132871 9390
47147249 9390
47158628 9390
47172052 9390
47185187 9390
47199250 9390
47210477 9390
47224323 9390
47239077 9390
47250926 9390
47262675 9390
47273718 9390
47287952 9390
47305191 9390
47319014 9390
47332126 9390
47345709 9390
47359681 9390
47371838 9390
47385729 9390
47398971 9390
47413287 9390
47427759 9390
47441328 9390
47454980 9390
47466958 9390
47480664 9390
47495035 9390
47511998 9390
47528543 9390
47542872 9390
47556767 9390
47570791 9390
47585393 9390
47598598 9390
47612704 9390
47624555 9390
47637376 9390
47651393 9390
47662704 9390
47676785 9390
47690059 9390
47703064 9390
47717595 9390
47728783 9390
47742688 9390
47755626 9390
47771716 9390
47784812 9390
47796984 9390
47809796 9390
47823089 9390
47836850 9390
47853261 9390
47866533 9390
47880132 9390
47895173 9390
47909291 9390
47921049 9390
47934773 9390
47948593 9390
47960791 9390
47975176 9390
47989700 9390
48003169 9390
48016507 9390
48029981 9390
48043579 9390
48059231 9390
48072144 9390
48085291 9390
48098704 9390
48112102 9390
48124931 9390
48136282 9390
48147246 9390
48159678 9390
48175232 9390
48189612 9390
48203426 9390
48219077 9390
48230829 9390
48244841 9390
48258524 9390
48273062 9390
48286453 9390
48297988 9390
48310317 9390
48324211 9390
48335651 9390
48348400 9390
48362185 9390
48375056 9390
48386310 9390
48399130 9390
48413022 9390
48424588 9390
48438408 9390
48451638 9390
48463329 9390
48475153 9390
48489003 9390
48500713 9390
48515316 9390
48526316 9390
48537907 9390
48549146 9390
48562689 9390
48573931 9390
48587752 9390
48602536 9390
48617106 9390
48630884 9390
48644341 9390
48658536 9390
48672183 9390
48686498 9390
48699185 9390
48710576 9390
48724675 9390
48737839 9390
48751661 9390
48765583 9390
48776793 9390
48790894 9390
48803762 9390
48818025 9390
48830145 9390
48844094 9390
48856884 9390
48871020 9390
48885630 9390
48902295 9390
48915549 9390
48927035 9390
48941248 9390
48954971 9390
48966263 9390
48979721 9390
48992523 9390
49006551 9390
49018105 9390
49031040 9390
49044421 9390
49059336 9390
49072793 9390
49087013 9390
49100591 9390
49111637 9390
49126748 9390
49140381 9390
49151559 9390
49165539 9390
49179896 9390
49191306 9390
49203956 9390
49215141 9390
49228711 9390
49242750 9390
49254521 9390
49270735 9390
49286129 9390
49298572 9390
49312777 9390
49323917 9390
49338113 9390
49351958 9390
49366076 9390
49379492 9390
49392943 9390
49406973 9390
49419045 9390
49432980 9390
49447606 9390
49461834 9390
49475934 9390
49489742 9390
49502588 9390
49515400 9390
49529363 9390
49542683 9390
49553982 9390
49568049 9390
49582127 9390
49595575 9390
49606894 9390
49618041 9390
49630082 9390
49643544 9390
49656845 9390
49671772 9390
49682976 9390
49697452 9390
49710439 9390
49724868 9390
49739672 9390
49751587 9390
49765266 9390
49776661 9390
49790881 9390
49805433 9390
49820027 9390
49833443 9390
49847348 9390
49861143 9390
49874415 9390
49888550 9390
49901758 9390
49913038 9390
49928076 9390
49940265 9390
49952288 9390
49966328 9390
49979899 9390
49992382 9390
50006429 9390
50020443 9390
50035192 9390
50049992 9390
50061726 9390
50075686 9390
50086927 9390
50101234 9390
50115373 9390
50128384 9390
50142368 9390
50155446 9390
50166951 9390
50180530 9390
50193264 9390
50207419 9390
50220650 9390
50231690 9390
50245867 9390
50260026 9390
50271583 9390
50285824 9390
50297452 9390
50309234 9390
50320616 9390
50331700 9390
50344897 9390
50358491 9390
50374254 9390
50385453 9390
50399853 9390
50411604 9390
50425565 9390
50438721 9390
50451905 9390
50465271 9390
50477304 9390
50491531 9390
50504895 9390
50519239 9390
50533160 9390
50544064 9390
50557089 9390
50571583 9390
50585924 9390
50597473 9390
50611129 9390
50623157 9390
50637962 9390
50651483 9390
50662565 9390
50673890 9390
50688149 9390
50700014 9390
50712198 9390
50723458 9390
50735136 9390
50747878 9390
50759237 9390
50773898 9390
50787891 9390
50803441 9390
50816186 9390
50830252 9390
50845546 9390
50858936 9390
50874485 9390
50888793 9390
50899892 9390
50911046 9390
50923322 9390
50934775 9390
50949379 9390
50965012 9390
50978626 9390
50992561 9390
51007551 9390
51020428 9390
51031559 9390
51045806 9390
51060330 9390
51071864 9390
51085670 9390
51098688 9390
51112572 9390
51125939 9390
51137285 9390
51150728 9390
51164673 9390
51178439 9390
51191212 9390
51202562 9390
51216024 9390
51231394 9390
51244929 9390
51257921 9390
51272690 9390
51287137 9390
51301521 9390
51315012 9390
51327993 9390
51339744 9390
51354070 9390
51368156 9390
51382287 9390
51393784 9390
51408236 9390
51421222 9390
51434337 9390
51448458 9390
51459440 9390
51472858 9390
51486869 9390
51500348 9390
51513394 9390
51525077 9390
51536703 9390
51549571 9390
51561312 9390
51574963 9390
51589087 9390
51603171 9390
51617480 9390
51634380 9390
51648894 9390
51660616 9390
51675087 9390
51689109 9390
51702948 9390
51716919 9390
51731284 9390
51746747 9390
51759292 9390
51774623 9390
51789194 9390
51803056 9390
51817036 9390
51830885 9390
51842442 9390
51856468 9390
51870577 9390
51885162 9390
51898772 9390
51912891 9390
51926548 9390
51937655 9390
51951447 9390
51964286 9390
51978828 9390
51993008 9390
52004234 9390
52018732 9390
52030477 9390
52044233 9390
52058783 9390
52073080 9390
52084946 9390
52098519 9390
52112645 9390
52126904 9390
52138866 9390
52155022 9390
52166217 9390
52180014 9390
52196348 9390
52210989 9390
52225215 9390
52240137 9390
52252139 9390
52266283 9390
52281770 9390
52295594 9390
52308990 9390
52322337 9390
52336142 9390
52347154 9390
52361744 9390
52373542 9390
52386772 9390
52397805 9390
52409347 9390
52422668 9390
52437701 9390
52451536 9390
52465398 9390
52478462 9390
52491879 9390
52503397 9390
52517457 9390
52531480 9390
52544179 9390
52557220 9390
52570430 9390
52584584 9390
52598395 9390
52611355 9390
52625337 9390
52639578 9390
52651308 9390
52663934 9390
52677891 9390
52692036 9390
52706421 9390
52722462 9390
52734296 9390
52748244 9390
52761659 9390
52775885 9390
52789897 9390
52803158 9390
52816871 9390
52829131 9390
52844804 9390
52858255 9390
52871864 9390
52883212 9390
52897529 9390
52911489 9390
52925938 9390
52940161 9390
52954442 9390
52970138 9390
52984863 9390
53000813 9390
53012712 9390
53025852 9390
53037717 9390
53051676 9390
53065404 9390
53076460 9390
53090373 9390
53102186 9390
53115101 9390
53129397 9390
53143062 9390
53157052 9390
53170989 9390
53185386 9390
53196596 9390
53209829 9390
53220746 9390
53234606 9390
53245804 9390
53259364 9390
53273326 9390
53285161 9390
53301050 9390
53313746 9390
53324757 9390
53336089 9390
53350439 9390
53362393 9390
53373502 9390
53387730 9390
53400989 9390
53415416 9390
53426467 9390
53439414 9390
53450841 9390
53463324 9390
53476850 9390
53490513 9390
53504717 9390
53520262 9390
53531451 9390
53545759 9390
53561476 9390
53575520 9390
53590414 9390
53604047 9390
53618738 9390
53632146 9390
53647035 9390
53661896 9390
53677096 9390
53690602 9390
53703485 9390
53714512 9390
53729015 9390
53743013 9390
53756495 9390
53768829 9390
53782108 9390
53795244 9390
53807976 9390
53820950 9390
53834770 9390
53848756 9390
53861732 9390
53876065 9390
53889602 9390
53902587 9390
53914837 9390
53927032 9390
53941664 9390
53952709 9390
53963705 9390
53977177 9390
53990173 9390
54003956 9390
54017678 9390
54029262 9390
54043478 9390
54056274 9390
54068908 9390
54081841 9390
54097279 9390
54113179 9390
54127898 9390
54141620 9390
54155951 9390
54168260 9390
54179320 9390
54194960 9390
54208222 9390
54219396 9390
54232333 9390
54245829 9390
54259854 9390
54277347 9390
54290785 9390
54302366 9390
54313807 9390
54326149 9390
54338162 9390
54352424 9390
54366778 9390
54380883 9390
54394660 9390
54405768 9390
54418369 9390
54430704 9390
54444552 9390
54457708 9390
54471613 9390
54483186 9390
54496958 9390
54508310 9390
54522021 9390
54536956 9390
54551540 9390
54563549 9390
54578024 9390
54590652 9390
54604665 9390
54618568 9390
54632515 9390
54646546 9390
54659787 9390
54673596 9390
54687841 9390
54701944 9390
54716410 9390
54730816 9390
54745081 9390
54758312 9390
54772452 9390
54786185 9390
54802057 9390
54816995 9390
54828231 9390
54839581 9390
54850528 9390
54864053 9390
54877830 9390
54891984 9390
54904602 9390
54918647 9390
54933120 9390
54947458 9390
54959219 9390
54973062 9390
54987011 9390
55001257 9390
55015055 9390
55029091 9390
55042282 9390
55056220 9390
55070215 9390
55083605 9390
55096482 9390
55110939 9390
55124283 9390
55141113 9390
55152721 9390
55165564 9390
55178501 9390
55193253 9390
55205328 9390
55216449 9390
55230306 9390
55244506 9390
55255683 9390
55267650 9390
55281709 9390
55293236 9390
55304475 9390
55317957 9390
55332232 9390
55345425 9390
55356885 9390
55370617 9390
55384758 9390
55399417 9390
55414030 9390
55427717 9390
55442273 9390
55457653 9390
55472004 9390
55486031 9390
55499034 9390
55513314 9390
55527214 9390
55541073 9390
55554788 9390
55568739 9390
55581413 9390
55596651 9390
55610731 9390
55624830 9390
55639071 9390
55655781 9390
55672100 9390
55687743 9390
55701608 9390
55713302 9390
55727638 9390
55739285 9390
55752813 9390
55766206 9390
55780474 9390
55796000 9390
55810001 9390
55823820 9390
55837015 9390
55851833 9390
55863897 9390
55877855 9390
55892669 9390
55906852 9390
55920748 9390
55932535 9390
55945630 9390
55957066 9390
55970699 9390
55986561 9390
56000801 9390
56015002 9390
56027981 9390
56041178 9390
56053920 9390
56065734 9390
56078910 9390
56090103 9390
56104202 9390
56117100 9390
56130723 9390
56147013 9390
56161186 9390
56175472 9390
56188338 9390
56202888 9390
56215991 9390
56229893 9390
56243782 9390
56254723 9390
56267962 9390
56281625 9390
56295611 9390
56311065 9390
56323835 9390
56338728 9390
56352273 9390
56364132 9390
56378715 9390
56392673 9390
56403760 9390
56417379 9390
56432535 9390
56446477 9390
56460348 9390
56471586 9390
56485079 9390
56499159 9390
56512652 9390
56526418 9390
56540426 9390
56554004 9390
56569163 9390
56583086 9390
56597586 9390
56611846 9390
56622975 9390
56636867 9390
56649682 9390
56663355 9390
56677995 9390
56690283 9390
56704255 9390
56717420 9390
56731144 9390
56743009 9390
56754112 9390
56768145 9390
56781045 9390
56792481 9390
56805244 9390
56819612 9390
56836262 9390
56850845 9390
56862256 9390
56873497 9390
56888035 9390
56900331 9390
56914477 9390
56926119 9390
56939149 9390
56953600 9390
56967550 9390
56978482 9390
56991212 9390
57005191 9390
57018037 9390
57031485 9390
57045576 9390
57059667 9390
57071745 9390
57085284 9390
57098796 9390
57113053 9390
57127949 9390
57142124 9390
57156880 9390
57170791 9390
57184888 9390
57198971 9390
57212446 9390
57225615 9390
57238463 9390
57252055 9390
57266374 9390
57280283 9390
57293272 9390
57305661 9390
57319566 9390
57333764 9390
57350169 9390
57363447 9390
57378020 9390
57389110 9390
57402960 9390
57414704 9390
57425719 9390
57436916 9390
57449036 9390
57462207 9390
57476907 9390
57489290 9390
57503293 9390
57518052 9390
57532414 9390
57546352 9390
57560659 9390
57575631 9390
57588599 9390
57602080 9390
57613458 9390
57624717 9390
57637447 9390
57651323 9390
57662743 9390
57677130 9390
57691103 9390
57701986 9390
57716312 9390
57730214 9390
57746425 9390
57760247 9390
57773912 9390
57785340 9390
57798457 9390
57812552 9390
57826402 9390
57839993 9390
57853872 9390
57868059 9390
57880978 9390
57893780 9390
57907467 9390
57922881 9390
57937656 9390
57951897 9390
57966533 9390
57981816 9390
57996013 9390
58010113 9390
58024138 9390
58038334 9390
58052753 9390
58065476 9390
58078325 9390
58092163 9390
58105631 9390
58119633 9390
58133390 9390
58147194 9390
58160980 9390
58174834 9390
58191858 9390
58205668 9390
58219402 9390
58232755 9390
58243896 9390
58257099 9390
58270943 9390
58282258 9390
58296655 9390
58313674 9390
58328205 9390
58343028 9390
58358163 9390
58371607 9390
58382676 9390
58396594 9390
58410464 9390
58423345 9390
58438983 9390
58452058 9390
58464704 9390
58478892 9390
58490192 9390
58504280 9390
58518171 9390
58532363 9390
58546605 9390
58560241 9390
58572607 9390
58585585 9390
58599881 9390
58612031 9390
58625614 9390
58638428 9390
58652141 9390
58664009 9390
58675428 9390
58689486 9390
58704175 9390
58717631 9390
58730292 9390
58741680 9390
58755902 9390
58768719 9390
58781537 9390
58793226 9390
58805085 9390
58819191 9390
58833697 9390
58846734 9390
58859687 9390
58871027 9390
58885525 9390
58897362 9390
58910955 9390
58925146 9390
58939286 9390
58950953 9390
58963840 9390
58978409 9390
58993224 9390
59005112 9390
59016505 9390
59028526 9390
59041585 9390
59055513 9390
59068158 9390
59082076 9390
59093949 9390
59108408 9390
59121413 9390
59135163 9390
59149361 9390
59163656 9390
59178103 9390
59191930 9390
59205415 9390
59219780 9390
59231882 9390
59243011 9390
59258330 9390
59272084 9390
59288145 9390
59302886 9390
59316633 9390
59330491 9390
59344896 9390
59359245 9390
59371676 9390
59385098 9390
59399136 9390
59410853 9390
59424751 9390
59439367 9390
59453824 9390
59467584 9390
59481660 9390
59495977 9390
59508807 9390
59524918 9390
59539658 9390
59553723 9390
59566580 9390
59580579 9390
59596036 9390
59608142 9390
59621550 9390
59633265 9390
59647699 9390
59661036 9390
59672801 9390
59685262 9390
59698270 9390
59712608 9390
59726972 9390
59739934 9390
59754112 9390
59768139 9390
59782543 9390
59793913 9390
59810682 9390
59827220 9390
59845163 9390
59856561 9390
59869810 9390
59883737 9390
59898102 9390
59910889 9390
59924816 9390
59938000 9390
59951121 9390
59966557 9390
59980648 9390
59992348 9390
60005285 9390
60019972 9390
60032248 9390
60045750 9390
60060003 9390
60074139 9390
60085341 9390
60097118 9390
60109926 9390
60122932 9390
60136648 9390
60153668 9390
60166934 9390
60179380 9390
60193431 9390
60206463 9390
60221042 9390
60238469 9390
60254379 9390
60265294 9390
60278792 9390
60291253 9390
60304038 9390
60317692 9390
60328914 9390
60342320 9390
60355374 9390
60369320 9390
60383409 9390
60399311 9390
60413559 9390
60428250 9390
60442588 9390
60454169 9390
60465265 9390
60479517 9390
60493707 9390
60506310 9390
60520018 9390
60532817 9390
60548011 9390
60561868 9390
60576207 9390
60588412 9390
60602676 9390
60617361 9390
60631511 9390
60645429 9390
60657173 9390
60671411 9390
60683394 9390
60697418 9390
60711697 9390
60724947 9390
60736137 9390
60749859 9390
60766408 9390
60780479 9390
60795206 9390
60809710 9390
60823401 9390
60835736 9390
60846820 9390
60858238 9390
60872391 9390
60886762 9390
60900789 9390
60915161 9390
60926725 9390
60940335 9390
60951905 9390
60964191 9390
60978500 9390
60992612 9390
61006063 9390
61020200 9390
61031248 9390
61044498 9390
61060649 9390
61074288 9390
61087293 9390
61101701 9390
61114482 9390
61127332 9390
61141548 9390
61155912 9390
61169740 9390
61184170 9390
61195793 9390
61209582 9390
61222276 9390
61233596 9390
61246574 9390
61263181 9390
61277918 9390
61288993 9390
61301965 9390
61313502 9390
61325887 9390
61341423 9390
61354108 9390
61367788 9390
61379697 9390
61390804 9390
61404374 9390
61417571 9390
61429173 9390
61443453 9390
61457297 9390
61468582 9390
61479835 9390
61491577 9390
61505071 9390
61519289 9390
61534376 9390
61547253 9390
61559057 9390
61571341 9390
61586901 9390
61599624 9390
61613106 9390
61624139 9390
61638363 9390
61649555 9390
61662915 9390
61674447 9390
61685571 9390
61699406 9390
61710503 9390
61724479 9390
61738332 9390
61752192 9390
61764555 9390
61778666 9390
61792041 9390
61803356 9390
61816987 9390
61831929 9390
61843581 9390
61857285 9390
61869128 9390
61882295 9390
61895483 9390
61908439 9390
61922714 9390
61935073 9390
61949054 9390
61960172 9390
61971798 9390
61984187 9390
61997915 9390
62012160 9390
62027158 9390
62038971 9390
62053164 9390
62067729 9390
62082242 9390
62096416 9390
62113325 9390
62127420 9390
62143893 9390
62155161 9390
62169127 9390
62181150 9390
62192498 9390
62206433 9390
62218881 9390
62232694 9390
62246491 9390
62260258 9390
62272319 9390
62283797 9390
62294739 9390
62308510 9390
62322788 9390
62336944 9390
62350888 9390
62364564 9390
62378420 9390
62392594 9390
62406336 9390
62420257 9390
62434008 9390
62445099 9390
62459514 9390
62472284 9390
62483828 9390
62497850 9390
62512355 9390
62527836 9390
62538940 9390
62552959 9390
62566664 9390
62580792 9390
62594533 9390
62606281 9390
62619130 9390
62633226 9390
62645242 9390
62656893 9390
62668121 9390
62681689 9390
62696186 9390
62710141 9390
62721292 9390
62732264 9390
62747679 9390
62761628 9390
62775663 9390
62786993 9390
62800763 9390
62815063 9390
62828956 9390
62843112 9390
62857665 9390
62872258 9390
62885695 9390
62898864 9390
62910004 9390
62924064 9390
62939973 9390
62952664 9390
62965100 9390
62978011 9390
62991766 9390
63006076 9390
63019087 9390
63032138 9390
63045688 9390
63057611 9390
63073374 9390
63086916 9390
63099010 9390
63111806 9390
63123072 9390
63134578 9390
63146064 9390
63158245 9390
63169356 9390
63181031 9390
63192795 9390
63204044 9390
63218164 9390
63229284 9390
63242664 9390
63256956 9390
63269880 9390
63283398 9390
63294782 9390
63308931 9390
63323269 9390
63338274 9390
63355088 9390
63368046 9390
63378962 9390
63392723 9390
63403727 9390
63415260 9390
63428610 9390
63444280 9390
63460775 9390
63474408 9390
63488773 9390
63503131 9390
63517147 9390
63531235 9390
63544983 9390
63559164 9390
63574589 9390
63588814 9390
63601945 9390
63616905 9390
63628433 9390
63644012 9390
63657960 9390
63671671 9390
63685059 9390
63698020 9390
63711947 9390
63725896 9390
63737972 9390
63750102 9390
63762372 9390
63773728 9390
63785768 9390
63799660 9390
63815108 9390
63826957 9390
63838445 9390
63849709 9390
63863804 9390
63875295 9390
63888204 9390
63902244 9390
63913973 9390
63925838 9390
63939047 9390
63952930 9390
63964612 9390
63979771 9390
63992521 9390
64003870 9390
64016510 9390
64029784 9390
64041859 9390
64055989 9390
64067564 9390
64079630 9390
64091150 9390
64105380 9390
64120593 9390
64135499 9390
64149252 9390
64162615 9390
64177018 9390
64190690 9390
64204593 9390
64218164 9390
64232402 9390
64246298 9390
64260751 9390
64274870 9390
64288039 9390
64301481 9390
64315460 9390
64327679 9390
64340372 9390
64353677 9390
64367555 9390
64380569 9390
64394847 9390
64409097 9390
64422892 9390
64434041 9390
64445026 9390
64456697 9390
64470589 9390
64484404 9390
64496342 9390
64510296 9390
64524072 9390
64538161 9390
64552510 9390
64566736 9390
64580601 9390
64595061 9390
64609162 9390
64623852 9390
64635659 9390
64649571 9390
64663296 9390
64676262 9390
64688197 9390
64701831 9390
64712991 9390
64726599 9390
64740420 9390
64753281 9390
64767105 9390
64781528 9390
64792996 9390
64807047 9390
64819818 9390
64832605 9390
64846731 9390
64861422 9390
64872657 9390
64886185 9390
64899282 9390
64913247 9390
64928719 9390
64942585 9390
64956880 9390
64971028 9390
64985207 9390
64999221 9390
65013388 9390
65026786 9390
65038282 9390
65051428 9390
65062626 9390
65076484 9390
65093398 9390
65108070 9390
65123272 9390
65136761 9390
65151244 9390
65163959 9390
65178241 9390
65194142 9390
65208941 9390
65224128 9390
65237789 9390
65251362 9390
65264868 9390
65276883 9390
65291563 9390
65303650 9390
65317837 9390
65330100 9390
65343328 9390
65357959 9390
65370004 9390
65382422 9390
65396660 9390
65411670 9390
65425486 9390
65439836 9390
65453695 9390
65467452 9390
65483870 9390
65498250 9390
65511184 9390
65525719 9390
65536696 9390
65549484 9390
65563487 9390
65577103 9390
65591191 9390
65604457 9390
65618967 9390
65633093 9390
65646964 9390
65660536 9390
65675098 9390
65689265 9390
65706034 9390
65720444 9390
65732677 9390
65745614 9390
65759241 9390
65774427 9390
65787852 9390
65802158 9390
65816805 9390
65829213 9390
65843200 9390
65855086 9390
65867541 9390
65881721 9390
65893694 9390
65906708 9390
65918652 9390
65930815 9390
65944688 9390
65958249 9390
65969701 9390
65981193 9390
65992084 9390
66005665 9390
66018392 9390
66032499 9390
66044851 9390
66059206 9390
66070238 9390
66083310 9390
66098661 9390
66111393 9390
66125039 9390
66139396 9390
66151089 9390
66162979 9390
66177014 9390
66191253 9390
66205237 9390
66219513 9390
66231007 9390
66244826 9390
66256339 9390
66269573 9390
66285398 9390
66300088 9390
66317522 9390
66333535 9390
66348131 9390
66362661 9390
66377617 9390
66391829 9390
66403977 9390
66416153 9390
66429772 9390
66444071 9390
66458479 9390
66471986 9390
66486144 9390
66503145 9390
66517867 9390
66533052 9390
66547176 9390
66561328 9390
66575378 9390
66589051 9390
66600990 9390
66614855 9390
66628545 9390
66640082 9390
66653984 9390
66668125 9390
66682324 9390
66696419 9390
66710411 9390
66723917 9390
66737928 9390
66751946 9390
66763005 9390
66776487 9390
66787353 9390
66798275 9390
66809310 9390
66820201 9390
66831953 9390
66846111 9390
66860225 9390
66874260 9390
66885341 9390
66896875 9390
66908628 9390
66922141 9390
66936006 9390
66950013 9390
66963220 9390
66974799 9390
66986968 9390
66999176 9390
67012035 9390
67025618 9390
67039017 9390
67053426 9390
67067265 9390
67081631 9390
67095406 9390
67108564 9390
67120056 9390
67131303 9390
67145100 9390
67159065 9390
67171864 9390
67186436 9390
67201246 9390
67212157 9390
67224038 9390
67235055 9390
67248617 9390
67262317 9390
67273407 9390
67286863 9390
67299998 9390
67311995 9390
67323790 9390
67337448 9390
67351190 9390
67362177 9390
67373850 9390
67386344 9390
67398318 9390
67409372 9390
67422814 9390
67434697 9390
67447465 9390
67461619 9390
67475693 9390
67489905 9390
67501167 9390
67516209 9390
67528795 9390
67544605 9390
67555824 9390
67567818 9390
67579497 9390
67590698 9390
67603993 9390
67618031 9390
67629587 9390
67642363 9390
67657559 9390
67671523 9390
67685462 9390
67698709 9390
67709799 9390
67721958 9390
67735316 9390
67749290 9390
67761813 9390
67776199 9390
67790559 9390
67804075 9390
67815365 9390
67827996 9390
67840090 9390
67851331 9390
67863054 9390
67876477 9390
67889862 9390
67903895 9390
67917308 9390
67931453 9390
67942895 9390
67957034 9390
67971437 9390
67988729 9390
68002696 9390
68016930 9390
68030917 9390
68045140 9390
68059320 9390
68072767 9390
68087220 9390
68103862 9390
68118468 9390
68130456 9390
68142066 9390
68153991 9390
68165088 9390
68178429 9390
68189494 9390
68204275 9390
68216735 9390
68230200 9390
68242171 9390
68256490 9390
68270756 9390
68283907 9390
68296403 9390
68310768 9390
68323479 9390
68334926 9390
68349293 9390
68364393 9390
68375556 9390
68389364 9390
68403761 9390
68415141 9390
68426596 9390
68440590 9390
68453030 9390
68466268 9390
68480236 9390
68492724 9390
68506630 9390
68520198 9390
68534097 9390
68545692 9390
68558489 9390
68569567 9390
68584076 9390
68597685 9390
68609222 9390
68622266 9390
68636165 9390
68650107 9390
68663456 9390
68677869 9390
68694487 9390
68709072 9390
68723316 9390
68737435 9390
68751368 9390
68765103 9390
68779467 9390
68792910 9390
68803873 9390
68816109 9390
68830381 9390
68844282 9390
68858164 9390
68872332 9390
68887322 9390
68904159 9390
68917450 9390
68930996 9390
68944307 9390
68958408 9390
68972385 9390
68987043 9390
69001266 9390
69015548 9390
69026575 9390
69040335 9390
69053085 9390
69066615 9390
69079622 9390
69092864 9390
69106824 9390
69120619 9390
69136202 9390
69150444 9390
69165207 9390
69181676 9390
69197556 9390
69213519 9390
69227170 9390
69239415 9390
69252226 9390
69267581 9390
69284085 9390
69298161 9390
69311177 9390
69325387 9390
69337149 9390
69351013 9390
69364684 9390
69376383 9390
69390613 9390
69405267 9390
69418952 9390
69430065 9390
69441442 9390
69455728 9390
69466858 9390
69480637 9390
69491599 9390
69504770 9390
69520288 9390
69533232 9390
69547954 9390
69560908 9390
69572531 9390
69583861 9390
69596944 9390
69608660 9390
69622918 9390
69634906 9390
69649613 9390
69666771 9390
69681223 9390
69692861 9390
69707167 9390
69721045 9390
69732256 9390
69743730 9390
69757301 9390
69769053 9390
69782551 9390
69794274 9390
69806801 9390
69820882 9390
69833913 9390
69845743 9390
69860175 9390
69875875 9390
69890820 9390
69904769 9390
69918610 9390
69930464 9390
69943641 9390
69957902 9390
69972695 9390
69986762 9390
70001243 9390
70014210 9390
70025245 9390
70039371 9390
70053159 9390
70067287 9390
70080311 9390
70092017 9390
70107374 9390
70118796 9390
70132841 9390
70146700 9390
70160542 9390
70174151 9390
70185671 9390
70200185 9390
70213565 9390
70228460 9390
70242391 9390
70256638 9390
70270107 9390
70281215 9390
70294005 9390
70307301 9390
70321299 9390
70335717 9390
70347775 9390
70359420 9390
70373317 9390
70387734 9390
70402196 9390
70418803 9390
70432185 9390
70445477 9390
70460461 9390
70474398 9390
70488897 9390
70499966 9390
70513701 9390
70527626 9390
70541752 9390
70555931 9390
70567483 9390
70583357 9390
70595859 9390
70611810 9390
70626722 9390
70640793 9390
70654724 9390
70667955 9390
70681112 9390
70694224 9390
70708416 9390
70722611 9390
70738184 9390
70752079 9390
70766232 9390
70777993 9390
70791321 9390
70805654 9390
70817671 9390
70831225 9390
70845590 9390
70859951 9390
70873767 9390
70888399 9390
70901573 9390
70912487 9390
70926758 9390
70940213 9390
70953997 9390
70968297 9390
70981917 9390
70995814 9390
71009794 9390
71023746 9390
71037780 9390
71051479 9390
71064512 9390
71078712 9390
71092655 9390
71104202 9390
71117491 9390
71132088 9390
71143766 9390
71157054 9390
71171293 9390
71185355 9390
71198775 9390
71211668 9390
71224956 9390
71238110 9390
71252128 9390
71264885 9390
71276005 9390
71290155 9390
71304097 9390
71318149 9390
71331894 9390
71344733 9390
71356155 9390
71369845 9390
71384046 9390
71398215 9390
71411447 9390
71423238 9390
71434413 9390
71449675 9390
71461474 9390
71473273 9390
71487036 9390
71500457 9390
71514784 9390
71528069 9390
71539708 9390
71550713 9390
71564689 9390
71579991 9390
71593774 9390
71608768 9390
71622178 9390
71635085 9390
71647712 9390
71661356 9390
71674310 9390
71688407 9390
71705282 9390
71716301 9390
71727196 9390
71740981 9390
71752003 9390
71766106 9390
71780070 9390
71794167 9390
71808435 9390
71822951 9390
71836404 9390
71849998 9390
71864235 9390
71876070 9390
71890226 9390
71904371 9390
71918343 9390
71932199 9390
71946472 9390
71958760 9390
71972711 9390
71985555 9390
71998638 9390
72012882 9390
72026874 9390
72038632 9390
72051655 9390
72065789 9390
72079727 9390
72093075 9390
72104400 9390
72118891 9390
72131230 9390
72143711 9390
72158035 9390
72171998 9390
72184600 9390
72198624 9390
72212874 9390
72223992 9390
72237493 9390
72248858 9390
72262160 9390
72276758 9390
72290794 9390
72304250 9390
72318376 9390
72330408 9390
72344522 9390
72358439 9390
72371450 9390
72385359 9390
72399602 9390
72413234 9390
72427896 9390
72442021 9390
72455160 9390
72469445 9390
72486063 9390
72502070 9390
72516775 9390
72528036 9390
72539510 9390
72553699 9390
72568302 9390
72581834 9390
72595948 9390
72610472 9390
72625222 9390
72639422 9390
72651063 9390
72665069 9390
72679116 9390
72693811 9390
72708456 9390
72722688 9390
72738691 9390
72752505 9390
72766265 9390
72777851 9390
72791621 9390
72804987 9390
72818108 9390
72830264 9390
72843681 9390
72857447 9390
72871980 9390
72885494 9390
72898678 9390
72911953 9390
72927687 9390
72940389 9390
72953695 9390
72967774 9390
72978844 9390
72992111 9390
73005108 9390
73019175 9390
73030389 9390
73041637 9390
73055949 9390
73071281 9390
73084982 9390
73098642 9390
73112094 9390
73125140 9390
73139100 9390
73152836 9390
73166354 9390
73180853 9390
73195197 9390
73207174 9390
73221053 9390
73233013 9390
73245109 9390
73258606 9390
73272813 9390
73288502 9390
73301870 9390
73314982 9390
73328985 9390
73343769 9390
73357689 9390
73369303 9390
73383706 9390
73397367 9390
73409114 9390
73422847 9390
73434395 9390
73447211 9390
73460947 9390
73474510 9390
73487924 9390
73499389 9390
73513503 9390
73526418 9390
73540798 9390
73554685 9390
73569409 9390
73581864 9390
73596588 9390
73609223 9390
73620339 9390
73634476 9390
73645747 9390
73657239 9390
73670444 9390
73682674 9390
73693648 9390
73708910 9390
73723613 9390
73736840 9390
73750137 9390
73764009 9390
73778372 9390
73789965 9390
73801916 9390
73816056 9390
73830167 9390
73841891 9390
73856018 9390
73870259 9390
73881993 9390
73895450 9390
73909535 9390
73920432 9390
73933262 9390
73944055 9390
73957999 9390
73971844 9390
73984920 9390
73998076 9390
74012272 9390
74026564 9390
74037533 9390
74050476 9390
74064734 9390
74079107 9390
74094075 9390
74107932 9390
74121779 9390
74135919 9390
74151419 9390
74165485 9390
74177231 9390
74188774 9390
74200592 9390
74214462 9390
74227910 9390
74239807 9390
74250995 9390
74262414 9390
74276417 9390
74291952 9390
74306739 9390
74322635 9390
74336575 9390
74349627 9390
74363748 9390
74377217 9390
74390846 9390
74404005 9390
74416715 9390
74429980 9390
74443642 9390
74459381 9390
74473959 9390
74485596 9390
74500423 9390
74514833 9390
74526966 9390
74539721 9390
74553769 9390
74567853 9390
74580852 9390
74594880 9390
74608410 9390
74622954 9390
74634041 9390
74647476 9390
74659465 9390
74671886 9390
74682780 9390
74694491 9390
74706695 9390
74719599 9390
74736193 9390
74750256 9390
74763980 9390
74777142 9390
74789444 9390
74800932 9390
74815304 9390
74827281 9390
74840658 9390
74852102 9390
74866588 9390
74882032 9390
74893368 9390
74906248 9390
74920241 9390
74934411 9390
74948378 9390
74963338 9390
74974769 9390
74986378 9390
75000300 9390
75014564 9390
75028324 9390
75041684 9390
75053085 9390
75067426 9390
75080357 9390
75092558 9390
75105500 9390
75119730 9390
75135171 9390
75148480 9390
75161407 9390
75175104 9390
75188607 9390
75201322 9390
75214699 9390
75228241 9390
75242132 9390
75256540 9390
75271090 9390
75286484 9390
75298425 9390
75312486 9390
75324330 9390
75337010 9390
75350907 9390
75366082 9390
75380095 9390
75392147 9390
75406425 9390
75417825 9390
75431846 9390
75446509 9390
75463940 9390
75478388 9390
75492973 9390
75507624 9390
75521356 9390
75532659 9390
75546266 9390
75560361 9390
75574734 9390
75588962 9390
75604169 9390
75617834 9390
75631749 9390
75645541 9390
75660589 9390
75674883 9390
75689102 9390
75704308 9390
75715460 9390
75729524 9390
75743810 9390
75758985 9390
75770670 9390
75783964 9390
75797603 9390
75811136 9390
75827076 9390
75839098 9390
75850111 9390
75861336 9390
75874481 9390
75885317 9390
75899450 9390
75910957 9390
75923590 9390
75937181 9390
75949234 9390
75962942 9390
75976432 9390
75990190 9390
76004284 9390
76018810 9390
76030693 9390
76043959 9390
76057650 9390
76072147 9390
76086417 9390
76100606 9390
76113466 9390
76127090 9390
76142278 9390
76155201 9390
76169081 9390
76182920 9390
76193854 9390
76208014 9390
76221776 9390
76235430 9390
76248863 9390
76263055 9390
76276671 9390
76291171 9390
76307099 9390
76320829 9390
76335643 9390
76350287 9390
76362192 9390
76376289 9390
76389887 9390
76404498 9390
76418935 9390
76432437 9390
76445442 9390
76460082 9390
76472350 9390
76485475 9390
76496680 9390
76510575 9390
76523592 9390
76537381 9390
76551595 9390
76566817 9390
76582963 9390
76597071 9390
76609101 9390
76620654 9390
76633915 9390
76647827 9390
76662468 9390
76676503 9390
76691092 9390
76707430 9390
76723021 9390
76740658 9390
76754804 9390
76770323 9390
76785778 9390
76799477 9390
76811513 9390
76822716 9390
76835652 9390
76848680 9390
76864702 9390
76879343 9390
76893331 9390
76907436 9390
76920891 9390
76934398 9390
76947583 9390
76961367 9390
76977471 9390
76988446 9390
77003734 9390
77018203 9390
77031472 9390
77045263 9390
77057502 9390
77068731 9390
77079800 9390
77093834 9390
77107528 9390
77122012 9390
77133984 9390
77148126 9390
77162481 9390
77176530 9390
77189045 9390
77201059 9390
77214873 9390
77228512 9390
77242899 9390
77256758 9390
77270396 9390
77283612 9390
77295739 9390
77309391 9390
77320945 9390
77334319 9390
77349130 9390
77363313 9390
77376123 9390
77390164 9390
77405490 9390
77419166 9390
77432785 9390
77446895 9390
77461513 9390
77475954 9390
77489937 9390
77503059 9390
77516209 9390
77527918 9390
77541766 9390
77552975 9390
77567028 9390
77580781 9390
77595092 9390
77609338 9390
77623909 9390
77636436 9390
77647533 9390
77659260 9390
77673341 9390
77687110 9390
77700377 9390
77713862 9390
77728029 9390
77742771 9390
77756741 9390
77773981 9390
77786869 9390
77800629 9390
77814643 9390
77829774 9390
77843985 9390
77855743 9390
77867676 9390
77881657 9390
77895853 9390
77909962 9390
77922279 9390
77933564 9390
77945439 9390
77959714 9390
77973609 9390
77988498 9390
78001357 9390
78017564 9390
78032323 9390
78046225 9390
78058339 9390
78070042 9390
78084069 9390
78098004 9390
78110321 9390
78123420 9390
78136295 9390
78150482 9390
78162357 9390
78177091 9390
78191105 9390
78206456 9390
78222704 9390
78237384 9390
78252015 9390
78263755 9390
78275614 9390
78286815 9390
78299141 9390
78313190 9390
78326811 9390
78339430 9390
78353400 9390
78368856 9390
78383194 9390
78395049 9390
78407753 9390
78422323 9390
78437207 9390
78451375 9390
78465173 9390
78479203 9390
78493845 9390
78505556 9390
78519432 9390
78534267 9390
78547986 9390
78561077 9390
78575398 9390
78589269 9390
78601995 9390
78616214 9390
78630510 9390
78642247 9390
78656099 9390
78670424 9390
78684462 9390
78699932 9390
78715562 9390
78729804 9390
78742750 9390
78756035 9390
78769954 9390
78785027 9390
78799266 9390
78813599 9390
78826499 9390
78838354 9390
78849495 9390
78861985 9390
78876568 9390
78890719 9390
78902211 9390
78917662 9390
78930939 9390
78944673 9390
78959109 9390
78973265 9390
78987397 9390
78999810 9390
79013978 9390
79026361 9390
79040210 9390
79052404 9390
79066711 9390
79081617 9390
79095409 9390
79109130 9390
79123287 9390
79137781 9390
79152233 9390
79166164 9390
79179030 9390
79192525 9390
79207129 9390
79220607 9390
79232358 9390
79246541 9390
79260305 9390
79274529 9390
79287960 9390
79300204 9390
79314749 9390
79328559 9390
79342527 9390
79353466 9390
79367156 9390
79380934 9390
79391891 9390
79403891 9390
79414862 9390
79428344 9390
79440056 9390
79455837 9390
79467103 9390
79481401 9390
79492590 9390
79504167 9390
79517136 9390
79530073 9390
79541858 9390
79552924 9390
79563896 9390
79575260 9390
79589312 9390
79603355 9390
79614936 9390
79628996 9390
79644889 9390
79658307 9390
79671696 9390
79684794 9390
79698643 9390
79712439 9390
79723493 9390
79734638 9390
79747104 9390
79762459 9390
79776182 9390
79788528 9390
79802032 9390
79815387 9390
79829974 9390
79843240 9390
79857243 9390
79871472 9390
79885621 9390
79899192 9390
79912446 9390
79926180 9390
79941776 9390
79956026 9390
79969020 9390
79983284 9390
80000504 9390
80014330 9390
80028416 9390
80041919 9390
80054931 9390
80068317 9390
80082328 9390
80096191 9390
80107537 9390
80122316 9390
80135422 9390
80149613 9390
80164440 9390
80176515 9390
80189811 9390
80204310 9390
80216981 9390
80228821 9390
80243348 9390
80255091 9390
80268004 9390
80279047 9390
80292998 9390
80304880 9390
80317142 9390
80329199 9390
80342945 9390
80355574 9390
80366797 9390
80380742 9390
80392419 9390
80406633 9390
80420513 9390
80434682 9390
80450759 9390
80465368 9390
80479914 9390
80493013 9390
80507009 9390
80520786 9390
80536297 9390
80549884 9390
80563856 9390
80578163 9390
80592348 9390
80606201 9390
80621227 9390
80634289 9390
80648370 9390
80661254 9390
80673179 9390
80689561 9390
80703866 9390
80717672 9390
80728869 9390
80742784 9390
80757805 9390
80773319 9390
80787386 9390
80801333 9390
80814003 9390
80826797 9390
80840970 9390
80854136 9390
80868130 9390
80879716 9390
80893571 9390
80904941 9390
80918696 9390
80930146 9390
80943950 9390
80954828 9390
80966095 9390
80980581 9390
80994672 9390
81009404 9390
81023402 9390
81037881 9390
81051730 9390
81064664 9390
81077674 9390
81090667 9390
81104932 9390
81120786 9390
81134965 9390
81149571 9390
81163218 9390
81176526 9390
81189514 9390
81201772 9390
81215583 9390
81229070 9390
81243584 9390
81256788 9390
81270457 9390
81283930 9390
81297729 9390
81311465 9390
81325776 9390
81339589 9390
81353821 9390
81367889 9390
81381879 9390
81393591 9390
81407284 9390
81421400 9390
81435369 9390
81448926 9390
81463558 9390
81474673 9390
81488349 9390
81499785 9390
81513934 9390
81530144 9390
81543962 9390
81557702 9390
81572297 9390
81587564 9390
81601785 9390
81617819 9390
81630952 9390
81645515 9390
81659516 9390
81673156 9390
81686918 9390
81698327 9390
81709778 9390
81723977 9390
81737763 9390
81754757 9390
81768767 9390
81782700 9390
81796103 9390
81810675 9390
81824315 9390
81838356 9390
81852430 9390
81863641 9390
81877694 9390
81890868 9390
81904526 9390
81918421 9390
81929295 9390
81940785 9390
81953843 9390
81965095 9390
81976806 9390
81988109 9390
82003333 9390
82017121 9390
82031391 9390
82044919 9390
82057011 9390
82070801 9390
82084443 9390
82100833 9390
82116082 9390
82129904 9390
82143998 9390
82155281 9390
82169301 9390
82183304 9390
82196133 9390
82208048 9390
82221099 9390
82233950 9390
82246847 9390
82258470 9390
82272516 9390
82288496 9390
82302294 9390
82314193 9390
82327803 9390
82341977 9390
82354650 9390
82367997 9390
82379078 9390
82392027 9390
82405120 9390
82419987 9390
82435937 9390
82450673 9390
82465270 9390
82480426 9390
82492004 9390
82502940 9390
82514503 9390
82528052 9390
82542649 9390
82556547 9390
82571000 9390
82586219 9390
82600240 9390
82614847 9390
82628241 9390
82641856 9390
82656138 9390
82669908 9390
82683614 9390
82696658 9390
82710577 9390
82724708 9390
82738791 9390
82752627 9390
82766693 9390
82780429 9390
82793642 9390
82807010 9390
82821149 9390
82834497 9390
82847605 9390
82861327 9390
82875914 9390
82889643 9390
82903229 9390
82914269 9390
82925624 9390
82939260 9390
82953458 9390
82967465 9390
82983557 9390
82997656 9390
83009576 9390
83021994 9390
83035180 9390
83049604 9390
83062668 9390
83076223 9390
83091072 9390
83104522 9390
83118289 9390
83131709 9390
83145871 9390
83157343 9390
83170465 9390
83184319 9390
83196083 9390
83209857 9390
83223507 9390
83237035 9390
83250627 9390
83263352 9390
83276965 9390
83291399 9390
83306561 9390
83318084 9390
83331945 9390
83345242 9390
83357429 9390
83371210 9390
83385153 9390
83399405 9390
83410604 9390
83424133 9390
83438982 9390
83452823 9390
83468298 9390
83484059 9390
83497972 9390
83508937 9390
83522484 9390
83536378 9390
83550704 9390
83562151 9390
83576655 9390
83590479 9390
83604115 9390
83615117 9390
83627258 9390
83644207 9390
83658634 9390
83672782 9390
83686352 9390
83700331 9390
83714890 9390
83730000 9390
83743503 9390
83756146 9390
83767346 9390
83778471 9390
83793789 9390
83810138 9390
83824447 9390
83837860 9390
83849565 9390
83861373 9390
83874379 9390
83888915 9390
83902681 9390
83913779 9390
83927783 9390
83943017 9390
83954039 9390
83967463 9390
83981594 9390
83994732 9390
84008530 9390
84022038 9390
84035823 9390
84047383 9390
84063712 9390
84076470 9390
84090709 9390
84102126 9390
84116258 9390
84128101 9390
84140328 9390
84152006 9390
84165709 9390
84177673 9390
84190722 9390
84203676 9390
84215324 9390
84229464 9390
84243335 9390
84256396 9390
84270612 9390
84281699 9390
84295656 9390
84309175 9390
84320049 9390
84332754 9390
84346679 9390
84360726 9390
84374282 9390
84387132 9390
84399418 9390
84413313 9390
84424665 9390
84436712 9390
84450843 9390
84462300 9390
84477556 9390
84491974 9390
84504508 9390
84518496 9390
84533100 9390
84547373 9390
84558613 9390
84570559 9390
84585175 9390
84599481 9390
84611777 9390
84625762 9390
84638879 9390
84652907 9390
84667061 9390
84678090 9390
84690956 9390
84705983 9390
84719718 9390
84734299 9390
84745564 9390
84758552 9390
84772336 9390
84786792 9390
84801463 9390
84815166 9390
84829282 9390
84843547 9390
84858011 9390
84872267 9390
84886102 9390
84903460 9390
84914523 9390
84926337 9390
84940036 9390
84953938 9390
84968290 9390
84979995 9390
84993148 9390
85004246 9390
85018574 9390
85030474 9390
85045057 9390
85058435 9390
85072309 9390
85086499 9390
85099363 9390
85113461 9390
85126450 9390
85141539 9390
85155401 9390
85169387 9390
85185275 9390
85200632 9390
85214931 9390
85226396 9390
85240192 9390
85254747 9390
85269642 9390
85283318 9390
85295356 9390
85310236 9390
85324293 9390
85337202 9390
85348707 9390
85359558 9390
85373812 9390
85385513 9390
85398577 9390
85412026 9390
85426244 9390
85440805 9390
85454281 9390
85467767 9390
85481439 9390
85494776 9390
85509316 9390
85522844 9390
85536592 9390
85550350 9390
85563970 9390
85575895 9390
85587665 9390
85601345 9390
85615064 9390
85629677 9390
85642890 9390
85657751 9390
85672794 9390
85684006 9390
85697846 9390
85713605 9390
85727963 9390
85739329 9390
85753222 9390
85767346 9390
85781298 9390
85794738 9390
85808759 9390
85819811 9390
85831534 9390
85845768 9390
85856969 9390
85869361 9390
85880340 9390
85891961 9390
85905686 9390
85920100 9390
85934669 9390
85949788 9390
85963572 9390
85975207 9390
85989185 9390
86000304 9390
86011194 9390
86022149 9390
86035768 9390
86046927 9390
86060090 9390
86072381 9390
86084015 9390
86097592 9390
86111881 9390
86125627 9390
86137521 9390
86150109 9390
86163683 9390
86180339 9390
86191653 9390
86202575 9390
86215473 9390
86230168 9390
86243363 9390
86257210 9390
86272325 9390
86285147 9390
86300887 9390
86314529 9390
86328240 9390
86342336 9390
86357190 9390
86370389 9390
86384539 9390
86396396 9390
86410627 9390
