25514 11748
39842 11123
53653 10890
66976 10788
81211 10788
94896 10788
106470 10788
119921 10788
133921 10788
147508 10788
160206 10788
173925 10709
187576 10709
201693 10671
213328 10541
226632 10541
243975 10541
258069 10541
270550 10541
284493 10541
298664 10541
312720 10541
326605 10541
339330 10541
353664 10541
368584 10541
382483 10541
393792 10541
407307 10541
421376 10541
435093 10541
449112 10541
462800 10541
476637 10541
490621 10541
501740 10541
515662 10541
530037 10541
545801 10541
559251 10517
573379 10517
584326 10407
595430 10407
609470 10407
622993 10407
637476 10407
651461 10407
665245 10356
679366 10356
693457 10356
706970 10356
720236 10356
734062 10356
745420 10356
759646 10356
773547 10356
787441 10356
802747 10356
817158 10174
827996 9989
841742 9892
854923 9892
869008 9892
882155 9892
894944 9892
908498 9892
922449 9892
936448 9892
948569 9892
960790 9876
974175 9876
985447 9876
997261 9876
1008145 9876
1021754 9876
1035869 9876
1049789 9876
1063810 9876
1075385 9876
1088992 9876
1100053 9876
1111430 9876
1125574 9876
1136717 9876
1150153 9876
1164204 9876
1177745 9876
1191744 9876
1208112 9876
1222095 9876
1236115 9876
1249897 9876
1263781 9876
1277703 9876
1292214 9876
1304255 9876
1315280 9876
1328800 9876
1342676 9876
1356449 9876
1369276 9876
1382930 9876
1394403 9876
1407602 9876
1421585 9876
1435047 9876
1448205 9876
1461957 9876
1475669 9876
1489872 9876
1502511 9876
1513407 9876
1524413 9876
1539721 9876
1552852 9876
1563821 9876
1577044 9876
1588968 9876
1599994 9876
1614013 9876
1626245 9876
1639796 9876
1653645 9876
1665546 9876
1678714 9876
1692798 9876
1707097 9876
1720626 9876
1734825 9876
1748260 9876
1762721 9876
1776753 9876
1789670 9876
1804303 9876
1818519 9876
1832985 9869
1844967 9869
1856876 9736
1868619 9736
1883355 9736
1897451 9736
1910638 9736
1921869 9736
1935544 9736
1946694 9736
1960553 9736
1974792 9736
1989194 9736
2003249 9736
2017380 9736
2035320 9736
2048635 9736
2059620 9625
2072437 9625
2086049 9625
2099927 9625
2113944 9625
2126494 9625
2140628 9625
2153918 9625
2167783 9625
2183077 9625
2194094 9625
2208149 9625
2222242 9625
2233689 9625
2245080 9625
2256454 9625
2268068 9625
2281770 9625
2295350 9625
2306826 9625
2321032 9625
2335093 9625
2348295 9625
2363996 9625
2378194 9625
2392019 9625
2406119 9625
2421686 9625
2435977 9625
2449153 9625
2462986 9625
2477770 9625
2488882 9625
2502340 9625
2516709 9625
2530541 9625
2543415 9625
2554599 9625
2568828 9625
2581760 9625
2592800 9625
2606476 9625
2618514 9625
2632256 9625
2645703 9625
2660109 9625
2674363 9625
2688768 9625
2700669 9625
2711662 9625
2722651 9625
2736034 9625
2749789 9625
2764296 9625
2775515 9625
2789641 9625
2803032 9625
2817089 9625
2828102 9625
2842452 9625
2854723 9625
2869187 9625
2883369 9625
2895543 9625
2909105 9625
2922845 9625
2935896 9625
2947772 9625
2961715 9625
2976211 9625
2990496 9625
3004614 9625
3016283 9625
3029152 9625
3042953 9625
3056757 9625
3067639 9625
3081634 9625
3095278 9625
3107476 9625
3121726 9625
3133481 9625
3144306 9625
3157933 9625
3169076 9625
3182871 9625
3196750 9625
3210419 9625
3224255 9625
3238193 9625
3251892 9625
3266322 9625
3277929 9625
3289350 9625
3301386 9625
3315466 9625
3330202 9625
3344821 9625
3358564 9625
3370638 9625
3384378 9625
3398366 9625
3409793 9625
3420824 9625
3433820 9625
3447833 9625
3462525 9625
3475583 9625
3489863 9625
3503679 9625
3517948 9625
3531003 9625
3544729 9625
3558964 9625
3572870 9625
3586158 9625
3597078 9625
3611868 9625
3624678 9625
3635805 9625
3649909 9625
3663887 9625
3677808 9625
3692199 9625
3706757 9625
3719733 9625
3732938 9625
3745564 9625
3759308 9625
3772169 9625
3785916 9625
3799955 9625
3814475 9625
3826581 9625
3840701 9625
3853787 9625
3867871 9625
3880089 9625
3893881 9625
3904876 9625
3916309 9625
3929490 9625
3943754 9625
3957552 9625
3969476 9609
3983351 9609
3997338 9609
4010833 9574
4022149 9519
4034108 9519
4045178 9519
4059051 9519
4071771 9519
4083024 9519
4094036 9519
4107671 9519
4122058 9519
4135967 9519
4150436 9519
4167147 9519
4178391 9519
4192435 9519
4206314 9519
4219783 9519
4234179 9519
4247329 9519
4260643 9519
4272858 9519
4286561 9519
4300266 9519
4313760 9519
4328033 9519
4339042 9519
4352602 9519
4363693 9519
4377027 9519
4389528 9519
4402779 9519
4416801 9519
4430857 9519
4445037 9519
4459560 9519
4473595 9519
4484796 9519
4498959 9519
4510220 9519
4524299 9519
4537309 9519
4551305 9519
4566078 9519
4580386 9519
4594488 9519
4608434 9519
4622391 9519
4635570 9519
4651389 9519
4662620 9519
4675344 9519
4686268 9519
4699559 9519
4710463 9519
4724088 9519
4736593 9519
4750209 9519
4763156 9519
4777008 9519
4791344 9519
4805424 9519
4819706 9519
4830973 9519
4845082 9519
4859207 9519
4873059 9519
4888183 9519
4901568 9519
4913525 9519
4927274 9519
4941126 9519
4952117 9519
4965958 9519
4979971 9519
4994135 9519
5008253 9519
5021406 9519
5035584 9519
5049538 9519
5063683 9519
5076221 9519
5090760 9519
5103760 9519
5117794 9519
5131162 9519
5145145 9519
5159375 9519
5172343 9519
5186556 9519
5201590 9519
5215809 9519
5229384 9519
5243373 9519
5257227 9519
5269215 9519
5282590 9519
5296520 9519
5307751 9519
5323237 9519
5337856 9519
5352357 9519
5363623 9519
5376942 9519
5390357 9519
5402000 9519
5415409 9519
5429529 9519
5441494 9519
5452508 9519
5463957 9519
5477096 9519
5491114 9519
5504926 9519
5519156 9519
5532796 9519
5546721 9519
5560644 9519
5574953 9519
5589502 9519
5603725 9519
5617000 9519
5630933 9519
5646982 9485
5660755 9485
5674785 9485
5686343 9485
5699563 9485
5713141 9485
5727288 9485
5739670 9485
5754445 9485
5768773 9485
5780124 9485
5790978 9485
5802563 9485
5814270 9485
5828465 9485
5840447 9485
5851464 9485
5865366 9485
5878454 9485
5892400 9485
5906453 9485
5920155 9485
5931444 9485
5945221 9485
5959157 9485
5973506 9485
5987325 9485
6001290 9485
6014120 9485
6027895 9485
6041422 9485
6055023 9485
6067099 9485
6083034 9485
6097257 9485
6111567 9485
6123256 9485
6134466 9485
6148414 9485
6162943 9485
6177648 9485
6191656 9485
6202734 9485
6215690 9485
6227908 9485
6239129 9485
6254431 9485
6268502 9485
6282188 9485
6294122 9485
6305662 9485
6318755 9485
6332451 9485
6346260 9479
6359769 9479
6371875 9479
6384596 9479
6398087 9479
6412374 9479
6425255 9479
6439820 9479
6453341 9479
6468623 9479
6480100 9479
6494712 9479
6506309 9479
6517904 9479
6529594 9479
6541322 9479
6555533 9479
6568708 9479
6582901 9479
6598102 9479
6611205 9479
6625239 9479
6639230 9479
6652289 9479
6663497 9479
6677362 9479
6688225 9479
6702648 9346
6714568 9346
6726367 9346
6740360 9346
6754103 9346
6766069 9346
6778394 9346
6791035 9346
6804143 9346
6816842 9346
6830771 9346
6844043 9346
6858434 9346
6872517 9346
6888647 9346
6905511 9346
6919934 9346
6934472 9346
6949054 9346
6962776 9346
6976856 9346
6991141 9346
7006076 9346
7019222 9346
7031052 9346
7045228 9346
7057827 9346
7069965 9346
7081909 9346
7094426 9346
7111383 9346
7125114 9346
7138892 9346
7152934 9346
7167147 9346
7182969 9346
7196758 9346
7211083 9346
7224153 9346
7235954 9346
7248410 9346
7262452 9346
7276506 9346
7290465 9346
7306372 9346
7318595 9346
7332748 9346
7344234 9346
7357782 9346
7370802 9346
7384432 9346
7401600 9346
7413537 9346
7425559 9346
7437800 9346
7453480 9346
7466628 9346
7480559 9346
7493146 9346
7506614 9346
7521240 9346
7535395 9346
7548542 9346
7562868 9346
7575780 9346
7588891 9346
7602710 9346
7616628 9346
7630691 9346
7644479 9346
7658207 9346
7671665 9346
7685691 9346
7698009 9346
7712232 9346
7726129 9346
7738003 9346
7752111 9346
7766000 9346
7779887 9346
7795558 9346
7809178 9346
7820405 9346
7833464 9346
7846354 9346
7860594 9346
7874931 9346
7890421 9346
7904568 9346
7918386 9346
7934189 9346
7951396 9346
7966483 9346
7980499 9346
7994429 9346
8010101 9346
8024244 9346
8037948 9346
8051645 9346
8065671 9346
8079435 9346
8096363 9346
8107762 9346
8122749 9346
8135337 9346
8147249 9346
8158295 9346
8171716 9346
8184084 9346
8196330 9346
8210121 9346
8224070 9346
8238444 9346
8252535 9346
8265658 9346
8279639 9346
8294198 9346
8308149 9346
8322371 9346
8339590 9346
8351782 9346
8362939 9346
8376406 9346
8390012 9346
8404264 9346
8418126 9346
8431418 9346
8445312 9346
8459368 9346
8473036 9346
8486867 9346
8501099 9346
8515036 9346
8528532 9346
8542358 9346
8556500 9346
8568884 9346
8583088 9346
8597067 9346
8610987 9346
8624753 9346
8638706 9346
8652563 9346
8664807 9346
8679237 9346
8690238 9346
8704374 9346
8718126 9346
8732405 9346
8747934 9346
8762266 9346
8776007 9346
8790067 9346
8803661 9346
8814752 9346
8826714 9346
8840818 9346
8855191 9346
8866814 9346
8881349 9346
8894621 9346
8906413 9346
8919954 9346
8933704 9346
8950297 9346
8965196 9346
8979196 9346
8991162 9346
9005494 9346
9019434 9346
9032726 9346
9047720 9346
9059441 9346
9073962 9346
9085722 9346
9097553 9346
9108778 9346
9125394 9346
9139644 9346
9151019 9346
9162050 9346
9173227 9346
9184308 9346
9195901 9346
9208922 9346
9223015 9346
9234854 9346
9247979 9346
9259482 9346
9273126 9346
9287661 9346
9299656 9346
9311327 9346
9322352 9346
9335964 9346
9348616 9346
9362378 9346
9377099 9346
9389665 9346
9403382 9346
9417367 9346
9430717 9346
9444876 9346
9458753 9346
9469906 9346
9483549 9346
9495121 9346
9507071 9346
9521629 9346
9533188 9346
9546254 9346
9558505 9346
9572098 9346
9585326 9346
9599153 9346
9612603 9346
9624273 9346
9636547 9346
9651143 9346
9664711 9346
9676975 9346
9690895 9346
9704575 9346
9718357 9346
9732173 9346
9745216 9346
9757028 9346
9769101 9346
9783247 9346
9797169 9346
9809748 9346
9821338 9346
9834722 9346
9846964 9346
9860822 9346
9875900 9346
9890135 9346
9902725 9346
9916411 9346
9930897 9346
9943711 9346
9957979 9346
9973205 9346
9987543 9346
10001984 9346
10015870 9346
10029942 9346
10041931 9346
10053926 9346
10066056 9346
10080250 9346
10094022 9346
10108055 9346
10118953 9346
10130070 9346
10141933 9346
10155566 9346
10169679 9346
10182973 9346
10197710 9346
10211112 9346
10224814 9346
10238529 9346
10252920 9346
10267298 9346
10280394 9346
10292195 9346
10305323 9346
10318094 9346
10331506 9346
10345665 9346
10359440 9346
10373143 9346
10387368 9346
10398973 9346
10412751 9346
10425914 9346
10438379 9346
10452032 9346
10466536 9346
10483430 9346
10496405 9346
10508047 9346
10522615 9346
10534617 9346
10546510 9346
10560000 9346
10573540 9346
10586400 9346
10599938 9346
10613962 9346
10628341 9346
10641951 9346
10655750 9346
10669055 9346
10680669 9346
10692719 9346
10704551 9346
10716256 9346
10730559 9346
10742881 9346
10756835 9346
10770185 9346
10783604 9346
10796700 9346
10810872 9346
10825469 9346
10837296 9346
10850675 9346
10864629 9346
10876269 9346
10890078 9346
10902143 9346
10914543 9346
10928161 9346
10941671 9346
10952627 9346
10966844 9346
10981145 9346
10993004 9346
11005359 9346
11016369 9346
11027674 9346
11041004 9346
11052574 9346
11063555 9346
11077721 9346
11091827 9346
11105636 9346
11120435 9346
11134191 9346
11145489 9346
11156948 9346
11170467 9346
11182507 9346
11193784 9346
11207259 9346
11221132 9346
11234903 9346
11246848 9346
11259094 9346
11271486 9346
11284505 9346
11298641 9346
11312382 9346
11325956 9346
11340742 9346
11351919 9346
11363729 9346
11377692 9346
11391697 9346
11404891 9346
11417654 9346
11430204 9346
11444597 9346
11458606 9346
11472247 9346
11485818 9346
11498318 9346
11511284 9346
11522842 9346
11538328 9346
11553074 9346
11567874 9346
11582050 9346
11594647 9346
11608365 9346
11622188 9346
11633798 9346
11649159 9346
11663087 9346
11676929 9346
11691522 9346
11705170 9346
11719204 9346
11732981 9346
11744682 9346
11758226 9346
11772045 9346
11785630 9346
11796670 9346
11809545 9346
11823543 9346
11837001 9346
11850852 9346
11864924 9346
11879266 9346
11891132 9346
11905502 9346
11919677 9346
11932930 9346
11946550 9346
11959582 9346
11973961 9346
11987057 9346
12001433 9346
12015709 9346
12029381 9346
12042989 9346
12055243 9346
12069481 9346
12083669 9346
12096835 9346
12108999 9346
12120895 9346
12134579 9346
12146681 9346
12162457 9346
12175722 9346
12188398 9346
12200016 9346
12214854 9346
12228684 9346
12242586 9346
12256675 9346
12270445 9346
12281726 9346
12295834 9346
12309271 9346
12321185 9346
12334096 9346
12345658 9346
12358315 9346
12369260 9346
12383216 9346
12397125 9346
12411175 9346
12424575 9346
12438084 9346
12452115 9346
12464405 9346
12478780 9346
12492775 9346
12503920 9346
12517045 9346
12529962 9346
12543759 9346
12557736 9346
12570598 9346
12584561 9346
12599314 9346
12611437 9346
12625376 9346
12639386 9346
12656205 9346
12670654 9346
12684526 9346
12697796 9346
12711737 9346
12725688 9346
12739182 9346
12753314 9346
12767314 9346
12778359 9346
12792426 9346
12806435 9346
12819696 9346
12833284 9346
12847398 9346
12861334 9346
12876090 9346
12890187 9346
12902911 9346
12916595 9346
12930886 9346
12942060 9346
12956032 9346
12968804 9346
12982720 9346
12994995 9346
13009298 9346
13020362 9346
13033296 9346
13047286 9346
13059703 9346
13071100 9346
13082133 9346
13095599 9346
13107321 9346
13119321 9346
13133523 9346
13146446 9346
13159020 9346
13172797 9346
13184017 9346
13197895 9346
13212361 9346
13225430 9346
13237415 9346
13249439 9346
13263053 9346
13276698 9346
13290555 9346
13301541 9346
13316698 9346
13329949 9346
13343866 9346
13358246 9346
13372452 9346
13386677 9346
13401421 9346
13415057 9346
13428520 9346
13439444 9346
13451446 9346
13463120 9346
13477440 9346
13491541 9346
13505622 9346
13516717 9346
13529703 9346
13543272 9346
13557005 9346
13571122 9346
13583478 9346
13597651 9346
13610773 9346
13622373 9346
13636095 9346
13648167 9346
13661737 9346
13673212 9346
13686063 9346
13699062 9346
13712842 9346
13727047 9346
13740007 9346
13751983 9346
13765901 9346
13781155 9346
13793531 9346
13804373 9346
13815684 9346
13826758 9346
13838067 9346
13853166 9346
13864698 9346
13877320 9346
13890928 9346
13904908 9346
13918138 9346
13931707 9346
13945199 9346
13956368 9346
13969848 9346
13980948 9346
13994215 9346
14005872 9346
14019528 9346
14033481 9346
14046108 9346
14057037 9346
14067926 9346
14081567 9346
14095495 9346
14107616 9346
14118588 9346
14131480 9346
14145771 9346
14162121 9346
14176750 9346
14190090 9346
14203817 9346
14218031 9346
14232128 9346
14245592 9346
14259783 9346
14273473 9346
14284555 9346
14297884 9346
14312140 9346
14325344 9346
14339439 9346
14353517 9346
14366403 9346
14377804 9346
14392140 9346
14408736 9346
14422382 9346
14436095 9346
14449605 9346
14463398 9346
14474896 9346
14489002 9346
14502002 9346
14515450 9346
14528887 9346
14542085 9346
14554917 9346
14570196 9346
14581503 9346
14593411 9346
14607733 9346
14618866 9346
14632121 9346
14645222 9346
14658387 9346
14673197 9346
14687588 9346
14701215 9346
14714619 9346
14725951 9346
14739496 9346
14752542 9346
14766221 9346
14780808 9346
14793244 9346
14805091 9346
14816141 9346
14829033 9346
14842145 9346
14855257 9346
14866363 9346
14880308 9346
14894260 9346
14908702 9346
14920991 9346
14934840 9346
14948520 9346
14960561 9346
14971703 9346
14985556 9346
14996712 9346
15009988 9346
15022789 9346
15035646 9346
15047126 9346
15061194 9346
15073012 9346
15086919 9346
15098867 9346
15112926 9346
15126841 9346
15137903 9346
15151655 9346
15165106 9346
15178250 9346
15190549 9346
15204426 9346
15218706 9346
15232414 9346
15245902 9346
15257571 9346
15271001 9346
15285247 9346
15296503 9346
15310522 9346
15322662 9346
15336508 9346
15348254 9346
15363279 9346
15376924 9346
15387757 9346
15402057 9346
15413348 9346
15427553 9346
15441333 9346
15454565 9346
15465577 9346
15481264 9346
15493146 9346
15507061 9346
15521369 9346
15538375 9346
15553474 9346
15569574 9346
15583417 9346
15594639 9346
15608641 9346
15620206 9346
15634242 9346
15648046 9346
15660839 9346
15674728 9346
15688956 9346
15702069 9346
15715883 9346
15729470 9346
15743540 9346
15757674 9346
15772802 9346
15786318 9346
15799689 9346
15813925 9346
15825050 9346
15837172 9346
15849311 9346
15863609 9346
15876537 9346
15892567 9346
15907956 9346
15921167 9346
15935529 9346
15949542 9346
15963541 9346
15976957 9346
15990710 9346
16003933 9346
16017180 9346
16028207 9346
16041467 9346
16055264 9346
16069784 9346
16083007 9346
16096076 9346
16107672 9346
16121907 9346
16136302 9346
16150078 9346
16163822 9346
16178379 9346
16192611 9346
16206885 9346
16220115 9346
16234520 9346
16246229 9346
16257275 9346
16271102 9346
16285159 9346
16296590 9346
16309394 9346
16323252 9346
16334296 9346
16347886 9346
16363180 9346
16376671 9346
16389670 9346
16404706 9346
16417862 9346
16430012 9346
16442088 9346
16454586 9346
16465476 9346
16479861 9346
16492876 9346
16506810 9346
16520351 9346
16532020 9346
16543385 9346
16557389 9346
16570895 9346
16585238 9346
16597215 9346
16610619 9346
16624682 9346
16636167 9346
16648109 9346
16662090 9346
16674173 9346
16687998 9346
16702363 9346
16713493 9346
16727906 9346
16742261 9346
16756615 9346
16771114 9346
16783364 9346
16797930 9346
16811558 9346
16824859 9346
16838802 9346
16850837 9346
16864641 9346
16878509 9346
16892833 9346
16907062 9346
16921026 9346
16935926 9346
16950327 9346
16964250 9346
16977818 9346
16991673 9346
17005261 9346
17018983 9346
17029923 9346
17043936 9346
17054994 9346
17066846 9346
17080734 9346
17094163 9346
17107032 9346
17121964 9346
17135863 9346
17150383 9346
17165350 9346
17179540 9346
17196118 9346
17210225 9346
17224883 9346
17239641 9346
17254062 9346
17267902 9346
17279505 9346
17292180 9346
17305344 9346
17319570 9346
17331080 9346
17342178 9346
17356073 9346
17370216 9346
17383964 9346
17399492 9346
17411996 9346
17426068 9346
17439858 9346
17454061 9346
17468176 9346
17481530 9346
17494348 9346
17508298 9346
17520353 9346
17534045 9346
17547140 9346
17559684 9346
17570849 9346
17584393 9346
17597736 9346
17611718 9346
17626455 9346
17639332 9346
17654376 9346
17665634 9346
17679293 9346
17692783 9346
17706880 9346
17718812 9346
17730631 9346
17744460 9346
17756683 9346
17768141 9346
17782058 9346
17793688 9346
17807466 9346
17820060 9346
17834107 9346
17848067 9346
17860794 9346
17875362 9346
17889907 9346
17903711 9346
17919210 9346
17933213 9346
17949264 9346
17962861 9346
17976076 9346
17989703 9346
18003411 9346
18018906 9346
18033265 9346
18044250 9346
18057829 9346
18072257 9346
18086454 9346
18099280 9346
18113225 9346
18126355 9346
18140364 9346
18153690 9346
18166586 9346
18180872 9346
18192700 9346
18206276 9346
18218803 9346
18234205 9346
18248221 9346
18261658 9346
18277893 9346
18291467 9346
18303655 9346
18317738 9346
18329430 9346
18342766 9346
18357084 9346
18372681 9346
18386960 9346
18403617 9346
18417652 9346
18431872 9346
18445439 9346
18456888 9346
18470728 9346
18481794 9346
18496018 9346
18510501 9346
18524472 9346
18535552 9346
18548760 9346
18561895 9346
18576069 9346
18588147 9346
18602169 9346
18616188 9346
18630384 9346
18644394 9346
18657994 9346
18670025 9346
18683733 9346
18699873 9346
18713973 9346
18725707 9346
18737204 9346
18751656 9346
18763602 9346
18774625 9346
18787815 9346
18801364 9346
18813964 9346
18827877 9346
18839547 9346
18853515 9346
18867910 9346
18880384 9346
18891437 9346
18905494 9346
18917233 9346
18930457 9346
18944098 9346
18957308 9346
18968953 9346
18980792 9346
18995488 9346
19009113 9346
19020670 9346
19034520 9346
19048031 9346
19059158 9346
19072770 9346
19086600 9346
19101178 9346
19112631 9346
19123827 9346
19137210 9346
19148310 9346
19162214 9346
19175969 9346
19189696 9346
19204159 9346
19218254 9346
19233346 9346
19247084 9346
19259187 9346
19272294 9346
19286484 9346
19299837 9346
19311248 9346
19323090 9346
19336788 9346
19349924 9346
19361614 9346
19375571 9346
19386989 9346
19399599 9346
19411853 9346
19425495 9346
19439000 9346
19450282 9346
19463858 9346
19477471 9346
19491645 9346
19507836 9346
19520731 9346
19532113 9346
19545890 9346
19560591 9346
19574745 9346
19587742 9346
19600126 9346
19614174 9346
19628355 9346
19640149 9346
19653624 9346
19665089 9346
19677073 9346
19691142 9346
19702790 9346
19717893 9346
19732079 9346
19743861 9346
19757087 9346
19770540 9346
19784359 9346
19797320 9346
19810993 9346
19823812 9346
19834852 9346
19846998 9346
19860995 9346
19875442 9346
19888536 9346
19900782 9346
19914694 9346
19926001 9346
19938223 9346
19950989 9346
19962277 9346
19973853 9346
19987335 9346
20000687 9346
20013885 9346
20027740 9346
20041634 9346
20054296 9346
20066113 9346
20080020 9346
20094014 9346
20107231 9346
20119525 9346
20132766 9346
20145716 9346
20158521 9346
20171245 9346
20185189 9346
20199202 9346
20214149 9346
20227504 9346
20241087 9346
20253484 9346
20266817 9346
20278135 9346
20291630 9346
20304795 9346
20319071 9346
20333402 9346
20349737 9346
20363917 9346
20377736 9346
20391670 9346
20405692 9346
20421313 9346
20433125 9346
20444056 9346
20455881 9346
20469159 9346
20480713 9346
20492413 9346
20507744 9346
20522227 9346
20536599 9346
20551733 9346
20566682 9346
20577778 9346
20592121 9346
20605938 9346
20616958 9346
20628177 9346
20642229 9346
20656453 9346
20670305 9346
20681968 9346
20694220 9346
20708409 9346
20722620 9346
20733816 9346
20747535 9346
20760105 9346
20771240 9346
20783567 9346
20797623 9346
20811001 9346
20825313 9346
20838911 9346
20852596 9346
20866432 9346
20880497 9346
20894743 9346
20907946 9346
20922262 9346
20933976 9346
20945365 9346
20961047 9346
20975097 9346
20989714 9346
21002643 9346
21016770 9346
21028679 9346
21041989 9346
21057105 9346
21071449 9346
21083711 9346
21097774 9346
21110145 9346
21121656 9346
21135894 9346
21149167 9346
21162871 9346
21177018 9346
21190516 9346
21205127 9346
21219455 9346
21233013 9346
21246474 9346
21260178 9346
21272207 9346
21286446 9346
21300587 9346
21317778 9346
21332360 9346
21345459 9346
21357385 9346
21371389 9346
21383618 9346
21397565 9346
21411858 9346
21423902 9346
21435854 9346
21448853 9346
21460561 9346
21473868 9346
21487460 9346
21501233 9346
21515034 9346
21528072 9346
21541825 9346
21556579 9346
21571687 9346
21585639 9346
21596744 9346
21611067 9346
21624482 9346
21640039 9346
21653899 9346
21668365 9346
21681408 9346
21696887 9346
21709067 9346
21722884 9346
21736974 9346
21748205 9346
21760141 9346
21774170 9346
21785084 9346
21798265 9346
21809347 9346
21823550 9346
21837274 9346
21849724 9346
21863735 9346
21877491 9346
21891706 9346
21905507 9346
21919339 9346
21931924 9346
21945762 9346
21960578 9346
21974842 9346
21988183 9346
22002243 9346
22014741 9346
22026826 9346
22041001 9346
22054642 9346
22069334 9346
22082469 9346
22096241 9346
22109901 9346
22123754 9346
22137949 9346
22151498 9346
22163109 9346
22177593 9346
22192892 9346
22207002 9346
22218086 9346
22232171 9346
22245202 9346
22257052 9346
22270873 9346
22285549 9346
22301217 9346
22314078 9346
22328092 9346
22343928 9346
22356925 9346
22371871 9346
22387004 9346
22400747 9346
22414810 9346
22430218 9346
22444835 9346
22459168 9346
22472308 9346
22483516 9346
22497182 9346
22511100 9346
22522943 9346
22536741 9346
22550699 9346
22563993 9346
22575171 9346
22586656 9346
22598098 9346
22611084 9346
22623118 9346
22636652 9346
22649777 9346
22661171 9346
22675010 9346
22690555 9346
22704700 9346
22718456 9346
22729924 9346
22741912 9346
22755173 9346
22769507 9346
22781103 9346
22794627 9346
22808363 9346
22821612 9346
22835742 9346
22847546 9346
22861301 9346
22875748 9346
22888160 9346
22901915 9346
22915100 9346
22929478 9346
22943543 9346
22957295 9346
22971539 9346
22985167 9346
22998226 9346
23012168 9346
23023161 9346
23036890 9346
23047888 9346
23059429 9346
23070504 9346
23083809 9346
23094958 9346
23107754 9346
23120981 9346
23134866 9346
23148675 9346
23160492 9346
23174722 9346
23187922 9346
23199483 9346
23212651 9346
23225639 9346
23239921 9346
23252897 9346
23269153 9346
23281932 9346
23294920 9346
23308747 9346
23324601 9346
23337947 9346
23352243 9346
23363549 9346
23377610 9346
23390791 9346
23401883 9346
23416961 9346
23431891 9346
23445993 9346
23459612 9346
23473445 9346
23484942 9346
23499019 9346
23512548 9346
23526934 9346
23540643 9346
23553716 9346
23567299 9346
23580190 9346
23593496 9346
23607355 9346
23620627 9346
23634502 9346
23648509 9346
23662764 9346
23675687 9346
23688671 9346
23703122 9346
23717875 9346
23730628 9346
23745438 9346
23760053 9346
23774420 9346
23788571 9346
23802379 9346
23816183 9346
23827942 9346
23840889 9346
23857003 9346
23870218 9346
23884344 9346
23898636 9346
23910140 9346
23923293 9346
23936543 9346
23949191 9346
23963993 9346
23977886 9346
23990792 9346
24004309 9346
24016419 9346
24029663 9346
24040715 9346
24054907 9346
24068417 9346
24082315 9346
24093742 9346
24107202 9346
24118517 9346
24132711 9346
24146711 9346
24161658 9346
24175951 9346
24190132 9346
24204367 9346
24217732 9346
24232213 9346
24244137 9346
24258337 9346
24271688 9346
24285337 9346
24299062 9346
24313568 9346
24327823 9346
24341610 9346
24355163 9346
24369321 9346
24384526 9346
24398308 9346
24412673 9346
24427536 9346
24441599 9346
24455206 9346
24466228 9346
24480733 9346
24493829 9346
24507983 9346
24519222 9346
24533132 9346
24547476 9346
24559192 9346
24573055 9346
24584647 9346
24596180 9346
24610247 9346
24621546 9346
24635379 9346
24650651 9346
24664741 9346
24676953 9346
24688684 9346
24702224 9346
24716446 9346
24727542 9346
24739015 9346
24753382 9346
24767335 9346
24781428 9346
24794737 9346
24805988 9346
24818187 9346
24832824 9346
24846949 9346
24858745 9346
24872452 9346
24885488 9346
24899708 9346
24913256 9346
24925544 9346
24939389 9346
24953406 9346
24967601 9346
24981931 9346
24995281 9346
25009258 9346
25022833 9346
25037213 9346
25051299 9346
25062851 9346
25076695 9346
25088381 9346
25102183 9346
25116161 9346
25130030 9346
25143516 9346
25155485 9346
25167035 9346
25180132 9346
25194401 9346
25207314 9346
25220652 9346
25232159 9346
25245167 9346
25257959 9346
25270898 9346
25284990 9346
25298538 9346
25312123 9346
25323557 9346
25337502 9346
25348568 9346
25362533 9346
25376495 9346
25391835 9346
25405118 9346
25418558 9346
25432828 9346
25443945 9346
25455707 9346
25468957 9346
25482965 9346
25494745 9346
25510442 9346
25522789 9346
25534310 9346
25546514 9346
25557716 9346
25571783 9346
25586579 9346
25599264 9346
25613528 9346
25629049 9346
25642766 9346
25657449 9346
25671571 9346
25685768 9346
25700522 9346
25713742 9346
25725433 9346
25740529 9346
25751828 9346
25764717 9346
25778583 9346
25789838 9346
25803371 9346
25817347 9346
25831533 9346
25845826 9346
25858982 9346
25873043 9346
25887676 9346
25902106 9346
25917636 9346
25929467 9346
25942856 9346
25956708 9346
25973053 9346
25986906 9346
26000950 9346
26016850 9346
26031868 9346
26048167 9346
26061412 9346
26072328 9346
26083525 9346
26097271 9346
26112163 9346
26125423 9346
26139459 9346
26153430 9346
26166922 9346
26181083 9346
26194514 9346
26209176 9346
26222639 9346
26236572 9346
26249261 9346
26263551 9346
26275105 9346
26289097 9346
26302201 9346
26314043 9346
26327705 9346
26341291 9346
26356202 9346
26370466 9346
26384375 9346
26398636 9346
26410160 9346
26423562 9346
26439630 9346
26452696 9346
26463779 9346
26474905 9346
26485885 9346
26500032 9346
26514345 9346
26526493 9346
26540364 9346
26554027 9346
26567336 9346
26581009 9346
26594861 9346
26608974 9346
26620471 9346
26634192 9346
26647427 9346
26658410 9346
26672618 9346
26687253 9346
26700930 9346
26716242 9346
26729587 9346
26743646 9346
26758021 9346
26771615 9346
26783323 9346
26797401 9346
26809848 9346
26822739 9346
26834058 9346
26847453 9346
26859322 9346
26870439 9346
26881595 9346
26896863 9346
26911528 9346
26927184 9346
26938206 9346
26952428 9346
26966060 9346
26979330 9346
26993323 9346
27009252 9346
27023226 9346
27037256 9346
27051167 9346
27065066 9346
27077142 9346
27091015 9346
27103074 9346
27116198 9346
27127596 9346
27141308 9346
27153028 9346
27166697 9346
27180247 9346
27193735 9346
27207027 9346
27218243 9346
27232581 9346
27246722 9346
27261292 9346
27272573 9346
27287483 9346
27301360 9346
27315548 9346
27330973 9346
27347200 9346
27362130 9346
27375215 9346
27389694 9346
27403550 9346
27416984 9346
27428642 9346
27440317 9346
27453395 9346
27467560 9346
27481553 9346
27493694 9346
27507350 9346
27520801 9346
27535962 9346
27549825 9346
27560825 9346
27575270 9346
27588533 9346
27603412 9346
27616425 9346
27629476 9346
27643962 9346
27655962 9346
27670900 9346
27684260 9346
27699013 9346
27713395 9346
27727607 9346
27741709 9346
27756125 9346
27767704 9346
27782715 9346
27795421 9346
27808104 9346
27821788 9346
27835435 9346
27848688 9346
27862998 9346
27877332 9346
27891131 9346
27904786 9346
27920554 9346
27932215 9346
27945363 9346
27959562 9346
27973617 9346
27985759 9346
28000049 9346
28012474 9346
28023934 9346
28037392 9346
28051766 9346
28066134 9346
28082246 9346
28096296 9346
28110277 9346
28125084 9346
28138623 9346
28152079 9346
28166162 9346
28179968 9346
28191875 9346
28204917 9346
28216799 9346
28230413 9346
28243369 9346
28256928 9346
28272897 9346
28286644 9346
28300583 9346
28314862 9346
28328506 9346
28341716 9346
28355970 9346
28370186 9346
28384393 9346
28398465 9346
28414064 9346
28426518 9346
28438300 9346
28450442 9346
28464737 9346
28478015 9346
28491935 9346
28505666 9346
28519092 9346
28531134 9346
28545081 9346
28559266 9346
28573371 9346
28584916 9346
28597960 9346
28613121 9346
28627359 9346
28641032 9346
28652023 9346
28664899 9346
28677136 9346
28688599 9346
28700662 9346
28715026 9346
28727008 9346
28739929 9346
28753948 9346
28767352 9346
28781223 9346
28794734 9346
28810675 9346
28823829 9346
28837115 9346
28850620 9346
28864204 9346
28877978 9346
28892299 9346
28904836 9346
28918128 9346
28932167 9346
28944702 9346
28959846 9346
28971378 9346
28985421 9346
28999896 9346
29014117 9346
29030530 9346
29042432 9346
29053781 9346
29067395 9346
29078895 9346
29093495 9346
29107677 9346
29118753 9346
29132037 9346
29146335 9346
29159599 9346
29175205 9346
29188849 9346
29199764 9346
29214029 9346
29228066 9346
29242095 9346
29258548 9346
29271571 9346
29283653 9346
29297821 9346
29311848 9346
29325342 9346
29340521 9346
29356926 9346
29371487 9346
29385325 9346
29399369 9346
29413499 9346
29428180 9346
29442418 9346
29455312 9346
29468272 9346
29479383 9346
29492800 9346
29505743 9346
29519641 9346
29530815 9346
29542090 9346
29556655 9346
29570454 9346
29584685 9346
29597264 9346
29611226 9346
29625553 9346
29639885 9346
29653986 9346
29667491 9346
29681075 9346
29694740 9346
29708327 9346
29720378 9346
29732095 9346
29743146 9346
29757070 9346
29773284 9346
29784214 9346
29798535 9346
29812345 9346
29825424 9346
29839580 9346
29852961 9346
29864174 9346
29876072 9346
29891623 9346
29909003 9346
29922824 9346
29936131 9346
29948011 9346
29960665 9346
29974167 9346
29985442 9346
29996722 9346
30008062 9346
30022175 9346
30036295 9346
30051194 9346
30064924 9346
30079903 9346
30093229 9346
30107503 9346
30121285 9346
30134837 9346
30148196 9346
30162425 9346
30178415 9346
30192521 9346
30203998 9346
30215104 9346
30228189 9346
30239963 9346
30252960 9346
30264762 9346
30279033 9346
30292934 9346
30308440 9346
30320599 9346
30333426 9346
30347566 9346
30359540 9346
30372524 9346
30385713 9346
30396674 9346
30409679 9346
30426024 9346
30440443 9346
30454277 9346
30465746 9346
30480031 9346
30493996 9346
30508286 9346
30522249 9346
30536200 9346
30551194 9346
30565076 9346
30578833 9346
30592998 9346
30606605 9346
30620654 9346
30636528 9346
30650918 9346
30664881 9346
30676392 9346
30687965 9346
30699199 9346
30712943 9346
30726795 9346
30741773 9346
30755876 9346
30773146 9346
30786585 9346
30797689 9346
30810968 9346
30825318 9346
30839345 9346
30853632 9346
30864724 9346
30878244 9346
30889354 9346
30900425 9346
30914064 9346
30928387 9346
30940238 9346
30951562 9346
30965894 9346
30979298 9346
30991762 9346
31005743 9346
31020531 9346
31034966 9346
31046893 9346
31059097 9346
31072287 9346
31086378 9346
31101576 9346
31113584 9346
31127695 9346
31141754 9346
31153638 9346
31167404 9346
31181453 9346
31194619 9346
31208875 9346
31222564 9346
31236800 9346
31253330 9346
31267259 9346
31278346 9346
31292734 9346
31306933 9346
31320341 9346
31334205 9346
31348249 9346
31364658 9346
31379054 9346
31393423 9346
31407535 9346
31421409 9346
31435456 9346
31449586 9346
31462174 9346
31476361 9346
31490492 9346
31504029 9346
31519902 9346
31534799 9346
31550326 9346
31563896 9346
31577762 9346
31592166 9346
31605454 9346
31619774 9346
31633054 9346
31645219 9346
31658439 9346
31670909 9346
31686224 9346
31701583 9346
31715393 9346
31729312 9346
31743772 9346
31758197 9346
31772061 9346
31783129 9346
31796921 9346
31810550 9346
31822006 9346
31834137 9346
31847752 9346
31863141 9346
31876804 9346
31889894 9346
31901653 9346
31914971 9346
31929367 9346
31944420 9346
31957144 9346
31969129 9346
31982879 9346
31996554 9346
32010758 9346
32024017 9346
32038129 9346
32049228 9346
32061709 9346
32075701 9346
32089185 9346
32101422 9346
32114726 9346
32128714 9346
32142495 9346
32156250 9346
32169629 9346
32180859 9346
32192892 9346
32208133 9346
32222461 9346
32236878 9346
32249104 9346
32262274 9346
32273457 9346
32289180 9346
32301310 9346
32315142 9346
32331453 9346
32345620 9346
32362460 9346
32373385 9346
32387666 9346
32401035 9346
32412695 9346
32426514 9346
32440231 9346
32454388 9346
32469272 9346
32483224 9346
32497096 9346
32510301 9346
32523530 9346
32536402 9346
32550462 9346
32564527 9346
32577458 9346
32588959 9346
32603004 9346
32614333 9346
32625810 9346
32636916 9346
32651342 9346
32665998 9346
32680245 9346
32693406 9346
32707386 9346
32723748 9346
32735410 9346
32750051 9346
32763452 9346
32777716 9346
32791800 9346
32806403 9346
32822049 9346
32836288 9346
32850842 9346
32865375 9346
32878993 9346
32891057 9346
32902463 9346
32917257 9346
32930999 9346
32945095 9346
32958561 9346
32972554 9346
32986703 9346
32998885 9346
33012879 9346
33027129 9346
33040487 9346
33052724 9346
33066016 9346
33079832 9346
33093756 9346
33108066 9346
33122686 9346
33137411 9346
33151604 9346
33165963 9346
33179261 9346
33191149 9346
33203632 9346
33215096 9346
33228425 9346
33239451 9346
33252809 9346
33267510 9346
33281742 9346
33295655 9346
33309150 9346
33320504 9346
33332576 9346
33345956 9346
33357213 9346
33371101 9346
33384062 9346
33395646 9346
33408777 9346
33423978 9346
33436440 9346
33450123 9346
33464349 9346
33478547 9346
33493954 9346
33507973 9346
33520918 9346
33534348 9346
33546571 9346
33559995 9346
33572408 9346
33583684 9346
33597964 9346
33611735 9346
33626770 9346
33639031 9346
33653093 9346
33667118 9346
33679685 9346
33693461 9346
33706087 9346
33720071 9346
33734655 9346
33748306 9346
33763171 9346
33774071 9346
33788066 9346
33801798 9346
33815355 9346
33829183 9346
33843674 9346
33857407 9346
33871241 9346
33885477 9346
33896667 9346
33912024 9346
33925827 9346
33939824 9346
33950800 9346
33965127 9346
33978947 9346
33992963 9346
34007019 9346
34020980 9346
34034904 9346
34046442 9346
34060172 9346
34072873 9346
34086742 9346
34100833 9346
34114930 9346
34129301 9346
34142640 9346
34153751 9346
34165734 9346
34179880 9346
34193824 9346
34204875 9346
34219215 9346
34233448 9346
34244556 9346
34258520 9346
34271482 9346
34286245 9346
34299784 9346
34313234 9346
34325251 9346
34339434 9346
34353800 9346
34367477 9346
34381225 9346
34394878 9346
34410858 9346
34424529 9346
34436766 9346
34447886 9346
34462298 9346
34473916 9346
34486043 9346
34499943 9346
34511712 9346
34525380 9346
34538935 9346
34550759 9346
34563236 9346
34576695 9346
34587726 9346
34602559 9346
34613652 9346
34627766 9346
34641749 9346
34655484 9346
34667133 9346
34681732 9346
34695138 9346
34709400 9346
34720984 9346
34735325 9346
34748550 9346
34762207 9346
34776458 9346
34790135 9346
34804343 9346
34818159 9346
34832536 9346
34846646 9346
34861797 9346
34877501 9346
34892056 9346
34906189 9346
34917909 9346
34932122 9346
34943376 9346
34957149 9346
34972544 9346
34986152 9346
35000056 9346
35012577 9346
35026139 9346
35040223 9346
35054274 9346
35068695 9346
35082746 9346
35096311 9346
35107280 9346
35121244 9346
35135190 9346
35148174 9346
35162044 9346
35176034 9346
35187088 9346
35198955 9346
35210132 9346
35224408 9346
35237877 9346
35249612 9346
35260668 9346
35274283 9346
35287301 9346
35298339 9346
35312189 9346
35323228 9346
35334219 9346
35347313 9346
35361057 9346
35374514 9346
35387597 9346
35399167 9346
35411090 9346
35424850 9346
35438180 9346
35452095 9346
35465506 9346
35478470 9346
35492668 9346
35507150 9346
35522426 9346
35536355 9346
35549619 9346
35561361 9346
35572535 9346
35586405 9346
35600054 9346
35612575 9346
35626758 9346
35641075 9346
35652940 9346
35664161 9346
35675352 9346
35686300 9346
35700204 9346
35712611 9346
35726620 9346
35741155 9346
35752619 9346
35766661 9346
35780862 9346
35792042 9346
35805160 9346
35818940 9346
35832718 9346
35844287 9346
35858977 9346
35875807 9346
35887749 9346
35901620 9346
35915912 9346
35929392 9346
35942923 9346
35957262 9346
35973053 9346
35986817 9346
35998048 9346
36012089 9346
36025958 9346
36040428 9346
36055501 9346
36069368 9346
36083516 9346
36098202 9346
36110467 9346
36123126 9346
36137006 9346
36148229 9346
36161926 9346
36176069 9346
36188906 9346
36199851 9346
36213109 9346
36226909 9346
36238724 9346
36250208 9346
36264046 9346
36278254 9346
36291434 9346
36305104 9346
36319442 9346
36333091 9346
36347189 9346
36361045 9346
36371962 9346
36385883 9346
36401259 9346
36413576 9346
36429451 9346
36443691 9346
36458485 9346
36471336 9346
36484437 9346
36498324 9346
36512039 9346
36526280 9346
36540457 9346
36553297 9346
36567174 9346
36581208 9346
36592380 9346
36603438 9346
36616297 9346
36629709 9346
36640822 9346
36652825 9346
36665061 9346
36676453 9346
36690023 9346
36703459 9346
36717745 9346
36731491 9346
36744537 9346
36755653 9346
36769266 9346
36780153 9346
36791283 9346
36804887 9346
36818698 9346
36829675 9346
36841492 9346
36852697 9346
36865446 9346
36879102 9346
36894104 9346
36908010 9346
36920928 9346
36934985 9346
36948728 9346
36963246 9346
36974479 9346
36988373 9346
36999671 9346
37010795 9346
37024733 9346
37038511 9346
37052520 9346
37063658 9346
37077517 9346
37091092 9346
37103837 9346
37116851 9346
37129813 9346
37143049 9346
37158265 9346
37171483 9346
37185649 9346
37199573 9346
37213692 9287
37225825 9287
37239837 9287
37253154 9287
37267221 9287
37281192 9287
37292812 9287
37303936 9287
37317147 9287
37331569 9287
37347819 9287
37362388 9287
37375712 9287
37389924 9287
37403966 9287
37418158 9287
37434033 9287
37447440 9287
37459959 9287
37474029 9287
37488473 9287
37501838 9287
37515846 9287
37526854 9287
37537962 9287
37552397 9287
37566539 9287
37577440 9287
37590794 9287
37604520 9287
37618596 9287
37633074 9287
37645997 9287
37659899 9287
37676301 9287
37692761 9287
37706770 9287
37718737 9287
37732629 9287
37743626 9287
37757904 9287
37772279 9287
37786190 9287
37801184 9287
37814226 9287
37828103 9287
37843302 9287
37857734 9287
37872825 9287
37886831 9287
37900791 9287
37914461 9287
37928029 9287
37941642 9287
37954862 9287
37968695 9287
37982348 9287
37993811 9287
38008387 9287
38023206 9287
38040209 9287
38055281 9287
38069468 9287
38082835 9287
38096204 9287
38110147 9287
38121161 9287
38136094 9287
38149904 9287
38163408 9287
38177629 9287
38191661 9287
38205866 9287
38218701 9287
38231041 9287
38245008 9287
38258335 9287
38269864 9287
38283102 9287
38293957 9287
38306969 9287
38320817 9287
38334987 9287
38349117 9287
38362432 9287
38375302 9287
38389306 9287
38402080 9287
38416102 9287
38428136 9287
38439199 9287
38453403 9287
38464350 9287
38475278 9287
38489162 9287
38502014 9287
38517741 9287
38531581 9287
38545227 9287
38558209 9287
38572079 9287
38585356 9287
38599633 9287
38610559 9287
38624909 9287
38638949 9287
38652475 9287
38665628 9287
38676712 9287
38688307 9287
38702081 9287
38713318 9287
38726635 9287
38739582 9287
38753041 9287
38767024 9287
38782554 9287
38794792 9287
38805714 9287
38819636 9287
38833469 9287
38846455 9287
38860273 9287
38874108 9287
38888202 9287
38901195 9287
38913146 9287
38926948 9287
38937910 9287
38951307 9287
38962094 9287
38975818 9287
38989436 9287
39003049 9287
39016250 9287
39029115 9287
39040049 9287
39053217 9287
39066236 9287
39080253 9287
39092977 9287
39104019 9287
39117554 9287
39128713 9287
39139681 9287
39153868 9287
39167571 9287
39181175 9287
39193552 9287
39207625 9287
39221626 9287
39235567 9287
39248911 9287
39263198 9287
39274849 9287
39288389 9287
39302783 9287
39317019 9287
39328419 9287
39340063 9287
39351165 9287
39362617 9287
39378207 9287
39392299 9287
39404710 9287
39418905 9287
39429935 9287
39441907 9287
39455546 9287
39466510 9287
39477557 9287
39490638 9287
39504642 9287
39517478 9287
39530065 9287
39544505 9287
39560560 9287
39572411 9287
39586384 9287
39600533 9287
39614255 9287
39628315 9287
39641746 9287
39654994 9287
39669169 9287
39684660 9287
39701181 9287
39716531 9287
39730688 9287
39741986 9287
39754888 9287
39768670 9287
39779417 9287
39791825 9287
39805144 9287
39819198 9287
39834563 9287
39847574 9287
39858483 9287
39869604 9287
39883240 9287
39899364 9287
39912472 9287
39924956 9287
39938420 9287
39951127 9287
39965014 9287
39978247 9287
39989611 9287
40000698 9287
40014306 9287
40028704 9287
40042534 9287
40057398 9287
40071465 9287
40085691 9287
40099740 9287
40112747 9287
40125843 9287
40139016 9287
40154120 9287
40166310 9287
40180064 9287
40192929 9287
40207459 9287
40221697 9287
40233616 9287
40245127 9287
40257602 9287
40271346 9287
40285554 9287
40299808 9287
40313766 9287
40325894 9287
40336916 9287
40350425 9287
40364294 9287
40378856 9287
40393502 9287
40406918 9287
40421104 9287
40432534 9287
40445894 9287
40459163 9287
40470617 9287
40482342 9287
40497547 9287
40514423 9287
40528807 9287
40542769 9287
40557073 9287
40568345 9287
40579385 9287
40593333 9287
40606544 9287
40622365 9287
40636167 9287
40649703 9287
40663840 9287
40676784 9287
40691730 9287
40705447 9287
40719338 9287
40733874 9287
40747752 9287
40761886 9287
40775610 9287
40789615 9287
40802112 9287
40813791 9287
40825634 9287
40839276 9287
40850424 9287
40863725 9287
40876866 9287
40892090 9287
40905504 9287
40917272 9287
40930989 9287
40942380 9287
40955996 9287
40968330 9287
40979521 9287
40992452 9287
41006491 9287
41020961 9287
41033982 9287
41047169 9287
41060460 9287
41075483 9287
41088725 9287
41100586 9287
41113693 9287
41127800 9287
41142416 9287
41153478 9287
41168059 9287
41181267 9287
41194779 9287
41210792 9287
41224386 9287
41238512 9287
41254052 9287
41268230 9287
41281297 9287
41295157 9287
41307259 9287
41321808 9287
41336070 9266
41349876 9266
41362465 9266
41373516 9266
41387680 9266
41401642 9266
41415504 9266
41429214 9266
41444571 9266
41458634 9266
41469616 9266
41482887 9266
41493945 9266
41507596 9266
41521027 9266
41534468 9266
41545370 9266
41559605 9266
41573754 9266
41587446 9266
41600539 9266
41613917 9266
41627418 9266
41640901 9266
41654957 9266
41668897 9266
41681755 9266
41693409 9266
41708768 9266
41722129 9266
41735487 9266
41748689 9266
41759796 9266
41773829 9266
41787915 9266
41802512 9266
41815821 9266
41827633 9266
41841537 9266
41852860 9266
41864526 9266
41878289 9266
41891740 9266
41905596 9266
41919241 9266
41932406 9266
41945186 9266
41959277 9266
41971702 9266
41985294 9266
41999001 9266
42013395 9266
42025329 9266
42036661 9266
42050333 9266
42064269 9266
42077964 9266
42089179 9266
42104681 9266
42117775 9266
42130679 9266
42144225 9266
42158617 9266
42174611 9266
42186308 9266
42199491 9266
42213925 9266
42227641 9266
42241134 9266
42255207 9266
42268846 9266
42284064 9266
42298185 9266
42312496 9266
42326419 9266
42339547 9266
42353614 9266
42368083 9266
42381518 9266
42394442 9266
42405920 9266
42418220 9266
42432354 9266
42447508 9266
42461757 9266
42475693 9266
42487533 9266
42499514 9266
42513819 9266
42524804 9266
42537787 9266
42552039 9266
42565288 9266
42578560 9266
42592331 9266
42607359 9266
42621710 9266
42633499 9266
42645077 9266
42658832 9266
42672238 9266
42686102 9266
42699209 9266
42714487 9266
42729062 9266
42742654 9266
42753761 9266
42765176 9266
42777152 9266
42791187 9266
42802104 9266
42815770 9266
42829888 9266
42843642 9266
42857170 9266
42871156 9266
42884768 9266
42899069 9266
42911058 9266
42924651 9266
42938534 9266
42951399 9266
42964149 9266
42977960 9266
42991829 9266
43002824 9266
43016156 9266
43029877 9266
43043444 9266
43055628 9266
43066779 9266
43080010 9266
43093838 9266
43107937 9266
43122061 9266
43135462 9266
43149358 9266
43163716 9266
43174628 9266
43185680 9266
43198568 9266
43212423 9266
43225597 9266
43239542 9266
43253340 9266
43266682 9266
43279786 9266
43292929 9266
43306843 9266
43320902 9266
43335097 9266
43348142 9266
43362698 9266
43376117 9266
43388498 9266
43400823 9266
43414308 9266
43427416 9266
43440919 9266
43453925 9266
43467988 9266
43483018 9266
43496556 9266
43509198 9266
43523707 9266
43537038 9266
43548350 9266
43561758 9266
43575312 9266
43588744 9266
43602227 9266
43615308 9266
43629253 9266
43641164 9266
43654290 9266
43667909 9266
43679321 9266
43691292 9266
43706524 9266
43718271 9266
43732400 9266
43746395 9266
43759752 9266
43773166 9266
43785900 9266
43799232 9266
43814089 9266
43829437 9266
43843333 9266
43855451 9266
43867807 9266
43880267 9266
43894992 9266
43911680 9266
43925844 9266
43937310 9266
43949881 9266
43960864 9266
43974965 9266
43990801 9266
44003278 9266
44016763 9266
44030099 9266
44041845 9266
44054866 9266
44068296 9266
44082631 9266
44096606 9266
44109390 9266
44120326 9266
44133790 9266
44147237 9266
44161011 9266
44175365 9266
44189448 9266
44203574 9266
44217362 9266
44231157 9266
44245178 9266
44256590 9266
44268545 9266
44282398 9266
44295542 9266
44309828 9266
44323907 9266
44335251 9266
44348504 9266
44359649 9266
44374858 9266
44389461 9266
44404206 9266
44418658 9266
44432837 9266
44445709 9266
44459715 9266
44472742 9266
44485733 9266
44497383 9266
44509684 9266
44522939 9266
44537539 9266
44552130 9266
44568595 9266
44580408 9266
44593143 9266
44606190 9266
44620844 9266
44635460 9266
44649291 9266
44663653 9266
44677196 9266
44688402 9266
44702540 9266
44716508 9266
44732300 9266
44746541 9266
44761203 9266
44775566 9266
44790725 9266
44805592 9266
44819785 9266
44830779 9266
44844253 9266
44858581 9266
44870723 9266
44883891 9266
44897348 9266
44911153 9266
44925509 9266
44939276 9266
44953257 9266
44966921 9266
44980098 9266
44993339 9266
45007147 9266
45020404 9266
45034281 9266
45046925 9266
45059076 9266
45070618 9266
45084857 9266
45099256 9266
45113072 9266
45128681 9266
45142805 9266
45156801 9266
45172230 9266
45185651 9266
45197064 9266
45210688 9266
45222369 9266
45236470 9266
45251107 9266
45263170 9266
45274817 9266
45287239 9266
45298498 9266
45312886 9266
45324383 9266
45338441 9266
45352360 9266
45366063 9266
45378991 9266
45393756 9266
45406365 9266
45420231 9266
45434565 9266
45451498 9266
45465215 9266
45478601 9266
45494001 9266
45507691 9266
45522089 9266
45536667 9266
45553158 9266
45570335 9266
45584260 9266
45598462 9266
45611737 9266
45625148 9266
45639574 9266
45652255 9266
45663991 9266
45675629 9266
45687115 9266
45700529 9266
45714819 9266
45726921 9266
45739586 9266
45753866 9266
45765087 9266
45779414 9266
45791957 9266
45805942 9266
45820213 9266
45834117 9266
45847826 9266
45862082 9266
45875799 9266
45889694 9266
45904156 9266
45918367 9266
45933452 9266
45945352 9266
45959467 9266
45973124 9266
45985219 9266
45998825 9266
46012548 9266
46026996 9266
46040468 9266
46052513 9266
46066206 9266
46079298 9266
46091352 9266
46102630 9266
46114822 9266
46128446 9266
46144467 9266
46158792 9266
46170166 9266
46181937 9266
46195760 9266
46209679 9266
46220701 9266
46231748 9266
46246235 9266
46260262 9266
46274257 9266
46288576 9266
46302375 9266
46316361 9266
46330257 9266
46343601 9266
46357268 9266
46369975 9266
46384216 9266
46398753 9266
46413551 9266
46429791 9266
46446015 9266
46460224 9266
46474614 9266
46488921 9266
46501322 9266
46515342 9266
46526906 9266
46538786 9266
46552916 9266
46565090 9266
46577145 9266
46591514 9266
46604925 9266
46617395 9266
46628907 9266
46640792 9266
46655926 9266
46669384 9266
46683402 9266
46697746 9266
46714178 9266
46728053 9266
46741798 9266
46756230 9266
46770868 9266
46785879 9266
46797117 9266
46810005 9266
46825301 9266
46839015 9266
46854848 9266
46866442 9266
46880111 9266
46893129 9266
46907289 9266
46919417 9266
46932795 9266
46944684 9266
46958798 9266
46970708 9266
46984439 9266
46998702 9266
47012009 9266
47023163 9266
47035016 9266
47048773 9266
47062605 9266
47074943 9266
47088112 9266
47102238 9266
47116220 9266
47132047 9266
47146132 9266
47158825 9266
47169920 9266
47182255 9266
47196307 9266
47209552 9266
47222267 9266
47234068 9266
47248547 9266
47263026 9266
47277197 9266
47291493 9266
47305437 9266
47318708 9266
47332486 9266
47346061 9266
47362159 9266
47375983 9266
47390058 9266
47403928 9266
47415660 9266
47429111 9266
47442600 9266
47455712 9266
47469926 9266
47484174 9266
47496057 9266
47509426 9266
47521257 9266
47534151 9266
47548225 9266
47559279 9266
47573141 9266
47586645 9266
47601058 9266
47612135 9266
47623682 9266
47634605 9266
47649966 9266
47661396 9266
47675515 9266
47687249 9266
47698539 9266
47714153 9266
47727420 9266
47738706 9266
47753035 9266
47766726 9266
47780103 9266
47791852 9266
47805615 9266
47819169 9266
47832883 9266
47846539 9266
47859038 9266
47872262 9266
47885128 9266
47898313 9266
47912395 9266
47926940 9266
47941094 9266
47955085 9266
47967113 9266
47980385 9266
47995305 9266
48009713 9266
48021591 9266
48033353 9266
48045263 9266
48058943 9266
48070797 9266
48086495 9266
48100405 9266
48112917 9266
48124437 9266
48137509 9266
48151384 9266
48166252 9266
48178221 9266
48190002 9266
48202123 9266
48215564 9266
48228503 9266
48239801 9266
48253661 9266
48267802 9266
48279802 9266
48291335 9266
48304781 9266
48318314 9266
48331377 9266
48344902 9266
48358847 9266
48373949 9266
48388220 9266
48402199 9266
48413743 9266
48427354 9266
48438349 9266
48450505 9266
48464353 9266
48478518 9266
48491878 9266
48503700 9266
48518088 9266
48529193 9266
48541256 9266
48553019 9266
48566262 9266
48578963 9266
48592079 9266
48605665 9266
48618889 9266
48630219 9266
48646224 9266
48661804 9266
48675366 9266
48689697 9266
48703783 9266
48720870 9266
48733902 9266
48745183 9266
48759590 9266
48771255 9266
48785431 9266
48799224 9266
48812851 9266
48829264 9266
48843054 9266
48855910 9266
48870023 9266
48883397 9266
48897407 9266
48911407 9266
48925745 9266
48941321 9266
48953316 9266
48964597 9266
48977673 9266
48991362 9266
49003054 9266
49016034 9266
49030092 9266
49043566 9266
49054861 9266
49066470 9266
49078117 9266
49089755 9266
49103712 9266
49118212 9266
49130979 9266
49144321 9266
49157853 9266
49171243 9266
49185160 9266
49199191 9266
49212420 9266
49226665 9266
49239531 9266
49254066 9266
49267870 9266
49281660 9266
49293423 9266
49308023 9266
49321307 9266
49333990 9266
49346056 9266
49359628 9266
49373223 9266
49386983 9266
49402186 9266
49415866 9266
49432341 9266
49446089 9266
49459759 9266
49473390 9266
49489399 9266
49502895 9266
49516881 9266
49527925 9266
49542385 9266
49556224 9266
49570300 9266
49581426 9266
49594096 9266
49606018 9266
49620278 9266
49634390 9266
49646840 9266
49659507 9266
49672861 9266
49686894 9266
49698910 9266
49712727 9266
49726876 9266
49742170 9266
49756083 9266
49769894 9266
49783651 9266
49796455 9266
49810320 9266
49823167 9266
49837561 9266
49852983 9266
49866487 9266
49881062 9266
49893987 9266
49907991 9266
49919393 9266
49932366 9266
49945081 9266
49957217 9266
49971452 9266
49985408 9266
49999356 9266
50014464 9266
50027947 9266
50041933 9266
50056367 9266
50069352 9266
50083236 9266
50097563 9266
50110879 9266
50124581 9266
50135683 9266
50147408 9266
50160018 9266
50173919 9266
50184994 9266
50197569 9266
50210015 9266
50220926 9266
50234490 9266
50247427 9266
50262309 9266
50277113 9266
50288813 9266
50302979 9266
50314482 9266
50326604 9266
50340734 9266
50351609 9266
50365219 9266
50378980 9266
50390296 9266
50401663 9266
50414863 9266
50428644 9266
50439608 9266
50450810 9266
50464801 9266
50476640 9266
50490046 9266
50501406 9266
50515072 9266
50529442 9266
50543868 9266
50557706 9266
50572489 9266
50586341 9266
50599861 9266
50613839 9266
50625125 9266
50639521 9266
50655110 9266
50668803 9266
50680708 9266
50694414 9266
50708811 9266
50722878 9266
50737235 9266
50751727 9266
50765881 9266
50777334 9266
50790893 9266
50804342 9266
50818965 9266
50832667 9266
50844178 9266
50858308 9266
50872218 9266
50883875 9266
50895771 9266
50910855 9266
50925045 9266
50938916 9266
50952547 9266
50965896 9266
50980284 9266
50996091 9266
51010524 9266
51025097 9266
51036812 9266
51048993 9266
51060822 9266
51071898 9266
51085580 9266
51096614 9266
51110872 9266
51125895 9266
51140712 9266
51155022 9266
51166359 9266
51180390 9266
51193960 9266
51209125 9266
51221000 9266
51234072 9266
51248093 9266
51260136 9266
51271085 9266
51282955 9266
51297056 9266
51309175 9266
51324153 9266
51338212 9266
51352608 9266
51364393 9266
51376655 9266
51391056 9266
51402012 9266
51415315 9266
51426716 9266
51437623 9266
51450901 9266
51464463 9266
51478827 9266
51492521 9266
51506509 9266
51522033 9266
51535708 9266
51548623 9266
51559661 9266
51570595 9266
51582068 9266
51595611 9266
51608983 9266
51622654 9266
51634778 9266
51649271 9266
51662926 9266
51676355 9266
51687784 9266
51701959 9266
51715419 9266
51729492 9266
51742213 9266
51757135 9266
51773657 9266
51790379 9266
51801986 9266
51813613 9266
51826684 9266
51839717 9266
51851930 9266
51867813 9266
51882442 9266
51899628 9266
51915719 9266
51927047 9266
51939084 9266
51953239 9266
51966583 9266
51978557 9266
51992479 9266
52005033 9266
52018393 9266
52032430 9266
52046490 9266
52059958 9266
52073532 9266
52086751 9266
52100617 9266
52114442 9266
52126573 9266
52140074 9266
52154257 9266
52168239 9266
52181658 9266
52193798 9266
52207647 9266
52219284 9266
52235001 9266
52249132 9266
52263471 9266
52277501 9266
52292009 9266
52308143 9266
52322681 9266
52336561 9266
52349440 9266
52363243 9266
52377093 9266
52390813 9266
52401976 9266
52413702 9266
52428089 9266
52439983 9266
52453784 9266
52467502 9266
52481444 9266
52493276 9266
52507379 9266
52521341 9266
52535339 9266
52548926 9266
52561877 9266
52574898 9266
52586047 9266
52599887 9266
52615060 9266
52626478 9266
52640232 9266
52654230 9266
52667787 9266
52682021 9266
52696086 9266
52709029 9266
52722446 9266
52735816 9266
52750143 9266
52764297 9266
52778512 9266
52792238 9266
52803247 9266
52815562 9266
52829951 9266
52843471 9266
52857038 9266
52870687 9266
52885280 9266
52896208 9266
52910050 9266
52923789 9266
52938745 9266
52951962 9266
52962979 9266
52976440 9266
52990436 9266
53003817 9266
53017538 9266
53030910 9266
53041767 9266
53053319 9266
53066788 9266
53079918 9266
53092897 9266
53108682 9266
53123284 9266
53137604 9266
53151074 9266
53163673 9266
53174702 9266
53186447 9266
53197395 9266
53210925 9266
53224475 9266
53235564 9266
53249171 9266
53263026 9266
53274615 9266
53288608 9266
53302792 9266
53316671 9266
53327649 9266
53341550 9266
53355859 9266
53369286 9266
53383000 9266
53396449 9266
53409184 9266
53423633 9266
53437811 9266
53451111 9266
53464965 9266
53476248 9266
53489340 9266
53501247 9266
53512072 9266
53525550 9266
53537836 9266
53551815 9266
53566388 9266
53580075 9266
53593241 9266
53607175 9266
53620671 9266
53633747 9266
53647409 9266
53658466 9266
53670521 9266
53681548 9266
53695434 9266
53709537 9266
53720622 9266
53734580 9266
53748016 9266
53758917 9266
53772733 9266
53783783 9266
53797288 9266
53811558 9266
53826968 9266
53838037 9266
53851631 9266
53865223 9266
53876715 9266
53890162 9266
53901321 9266
53915220 9266
53928509 9266
53942822 9266
53956614 9266
53969970 9266
53984041 9266
53997425 9266
54010130 9266
54024173 9266
54038454 9266
54049518 9266
54063257 9266
54074611 9266
54088876 9266
54101126 9266
54111975 9266
54123900 9266
54135322 9266
54148950 9266
54163230 9266
54176919 9266
54188254 9266
54199968 9266
54213863 9266
54227868 9266
54240878 9266
54255155 9266
54269598 9266
54282854 9266
54296484 9266
54307375 9266
54320927 9266
54334849 9266
54348100 9266
54362392 9266
54376684 9266
54387703 9266
54399926 9266
54413753 9266
54424681 9266
54435746 9266
54450087 9266
54464307 9266
54478594 9266
54495526 9266
54512680 9266
54526586 9266
54541483 9266
54552578 9266
54566247 9266
54579827 9266
54591816 9266
54604845 9266
54618810 9266
54632364 9266
54645271 9266
54659924 9266
54672859 9266
54685890 9266
54699861 9266
54713976 9266
54726769 9266
54740523 9266
54754083 9266
54768043 9266
54783001 9266
54798227 9266
54809129 9266
54820061 9266
54835054 9266
54846474 9266
54859457 9266
54870734 9266
54884100 9266
54897211 9266
54911924 9266
54926113 9266
54939953 9266
54952482 9266
54966388 9266
54980344 9266
54994271 9266
55006587 9266
55020756 9266
55033418 9266
55046971 9266
55059868 9266
55073954 9266
55087943 9266
55101818 9266
55116575 9266
55133702 9266
55148182 9266
55162973 9266
55176546 9266
55190645 9266
55203766 9266
55217403 9266
55230356 9266
55244212 9266
55258544 9266
55269418 9266
55283245 9266
55295479 9266
55308861 9266
55320062 9266
55333614 9266
55347533 9266
55361373 9266
55375680 9266
55390116 9266
55404279 9266
55417902 9266
55431790 9266
55445583 9266
55457891 9266
55472109 9266
55485885 9266
55500166 9266
55511278 9266
55522312 9266
55534046 9266
55547417 9266
55561496 9266
55576538 9266
55590404 9266
55604103 9266
55619115 9266
55632326 9266
55646130 9266
55657355 9266
55671238 9266
55682283 9266
55694284 9266
55705611 9266
55719707 9266
55733585 9266
55744586 9266
55757876 9266
55770714 9266
55783611 9266
55794825 9266
55806714 9266
55820483 9266
55833228 9266
55844802 9266
55858631 9266
55869702 9266
55883554 9266
55897611 9266
55911534 9266
55922424 9266
55936221 9266
55949452 9266
55962917 9266
55976285 9266
55992010 9266
56006174 9266
56020704 9266
56035522 9266
56046581 9266
56060568 9266
56074520 9266
56088383 9266
56104140 9266
56118381 9266
56132962 9266
56144073 9266
56155001 9266
56168396 9266
56181929 9266
56194951 9266
56209286 9266
56227066 9266
56240670 9266
56254367 9266
56266485 9266
56280660 9266
56295924 9266
56308644 9266
56322004 9266
56335030 9266
56349322 9266
56363115 9266
56375526 9266
56389529 9266
56403723 9266
56417600 9266
56429712 9266
56443876 9266
56455929 9266
56469833 9266
56481815 9266
56494116 9266
56507319 9266
56519626 9266
56530730 9266
56543962 9266
56557919 9266
56571385 9266
56584456 9266
56595379 9266
56606379 9266
56617343 9266
56630913 9266
56644319 9266
56656776 9266
56670410 9266
56681360 9266
56694760 9266
56707616 9266
56720898 9266
56734851 9266
56748635 9266
56762914 9266
56777642 9266
56790825 9266
56802038 9266
56815591 9266
56829551 9266
56842863 9266
56855303 9266
56869223 9266
56881250 9266
56894420 9266
56911447 9266
56927929 9266
56940757 9266
56954227 9266
56967776 9266
56982430 9266
56995844 9266
57010116 9266
57024002 9266
57037043 9266
57047953 9266
57063692 9266
57078149 9266
57092208 9266
57106002 9266
57119754 9266
57133740 9266
57144746 9266
57158516 9266
57173476 9266
57185031 9266
57197111 9266
57211904 9266
57222890 9266
57237078 9266
57250626 9266
57264246 9266
57275182 9266
57287479 9266
57301327 9266
57315342 9266
57329714 9266
57342615 9266
57354026 9266
57367414 9266
57378729 9266
57390569 9266
57401513 9266
57414007 9266
57424965 9266
57437685 9266
57451248 9266
57462459 9266
57474653 9266
57485623 9266
57498479 9266
57512508 9266
57526513 9266
57538565 9266
57552779 9266
57569934 9266
57584444 9266
57597546 9266
57611467 9266
57624411 9266
57637085 9266
57650979 9266
57664706 9266
57678093 9266
57689132 9266
57702191 9266
57716220 9266
57729237 9266
57742387 9266
57753398 9266
57767140 9266
57779928 9266
57792929 9266
57803692 9266
57817481 9266
57831578 9266
57843638 9266
57857308 9266
57871788 9266
57885564 9266
57899208 9266
57913606 9266
57927770 9266
57938904 9266
57953023 9266
57969917 9266
57983158 9266
57996529 9266
58010523 9266
58024355 9266
58036550 9266
58049782 9266
58063878 9266
58075033 9266
58089703 9266
58100801 9266
58114712 9266
58129056 9266
58144963 9266
58159406 9266
58172906 9266
58184207 9266
58198565 9266
58212545 9266
58226400 9266
58239620 9266
58253722 9266
58269362 9266
58283456 9266
58295548 9266
58308863 9266
58322730 9266
58338273 9266
58352406 9266
58366711 9266
58377607 9266
58388495 9266
58399505 9266
58412835 9266
58424561 9266
58438112 9266
58452310 9266
58463972 9266
58475415 9266
58488202 9266
58502521 9266
58516461 9266
58530658 9266
58544185 9266
58558157 9266
58571398 9266
58582623 9266
58596628 9266
58610035 9266
58623373 9266
58636593 9266
58650751 9266
58663129 9266
58677386 9266
58691509 9266
58705464 9266
58718616 9266
58731682 9266
58745182 9266
58758841 9266
58772104 9266
58784514 9266
58796372 9266
58809864 9266
58823485 9266
58839041 9266
58852882 9266
58870081 9266
58883334 9266
58897218 9266
58910270 9266
58924380 9266
58938684 9266
58952692 9266
58968288 9266
58979592 9266
58993733 9266
59005377 9266
59016912 9266
59030235 9266
59044272 9266
59055242 9266
59067362 9266
59080195 9266
59093320 9266
59108132 9266
59119169 9266
59133087 9266
59145255 9266
59158385 9266
59170215 9266
59181883 9266
59196489 9266
59208035 9266
59220888 9266
59233146 9266
59247175 9266
59261459 9266
59275450 9266
59289557 9266
59302932 9266
59315772 9266
59329933 9266
59342473 9266
59359175 9266
59373052 9266
59386775 9266
59400706 9266
59414999 9266
59428199 9266
59443097 9266
59460201 9266
59474449 9266
59488223 9266
59501967 9266
59515224 9266
59529244 9266
59542064 9266
59553364 9266
59566441 9266
59577522 9266
59591706 9266
59603396 9266
59616946 9266
59628701 9266
59641648 9266
59655648 9266
59666536 9266
59680218 9266
59694803 9266
59707231 9266
59721917 9266
59736384 9266
59750394 9266
59764144 9266
59780238 9266
59791864 9266
59803567 9266
59815143 9266
59828671 9266
59839734 9266
59852802 9266
59864074 9266
59878518 9266
59892565 9266
59903981 9266
59916780 9266
59931048 9266
59943308 9266
59956442 9266
59970022 9266
59983942 9266
59998135 9266
60011611 9266
60025434 9266
60036387 9266
60047376 9266
60061233 9266
60076458 9266
60087398 9266
60101412 9266
60115741 9266
60129520 9266
60141486 9266
60155732 9266
60168809 9266
60180082 9266
60191279 9266
60205115 9266
60216095 9266
60227366 9266
60240109 9266
60253619 9266
60268230 9266
60282275 9266
60296023 9266
60309773 9266
60323223 9266
60336548 9266
60350261 9266
60361318 9266
60375033 9266
60389146 9266
60402670 9266
60416881 9266
60428830 9266
60443128 9266
60457680 9266
60472319 9266
60484690 9266
60498734 9266
60511388 9266
60522344 9266
60533341 9266
60547437 9266
60560384 9266
60572607 9266
60586258 9266
60597211 9266
60610677 9266
60623094 9266
60634283 9266
60649297 9266
60663205 9266
60674332 9266
60688442 9266
60702718 9266
60716368 9266
60729954 9266
60744074 9266
60761266 9266
60775215 9266
60789739 9266
60803544 9266
60817207 9266
60830610 9266
60844581 9266
60859451 9266
60874103 9266
60889630 9266
60900589 9266
60914487 9266
60927632 9266
60940144 9266
60954316 9266
60968467 9266
60981611 9266
60994873 9266
61010132 9266
61024367 9266
61038271 9266
61049334 9266
61061229 9266
61073268 9266
61086528 9266
61100706 9266
61112265 9266
61123350 9266
61136011 9266
61147976 9266
61162261 9266
61173345 9266
61185203 9266
61199364 9266
61211581 9266
61225187 9266
61238955 9266
61253170 9266
61264302 9266
61277990 9266
61290173 9266
61301792 9266
61315417 9266
61326574 9266
61337773 9266
61350652 9266
61364668 9266
61378957 9266
61391607 9266
61405486 9266
61419327 9266
61432532 9266
61446333 9266
61460864 9266
61474724 9266
61491654 9266
61505907 9266
61520090 9266
61531417 9266
61545055 9266
61558859 9266
61572842 9266
61587265 9266
61600730 9266
61612413 9266
61626096 9266
61639964 9266
61652629 9266
61665981 9266
61677725 9266
61690856 9266
61704933 9266
61716234 9266
61728252 9266
61741715 9266
61754041 9266
61767186 9266
61781719 9266
61792587 9266
61806780 9266
61819897 9266
61833200 9266
61849346 9266
61863618 9266
61878503 9266
61892592 9266
61904188 9266
61915247 9266
61928966 9266
61941325 9266
61955111 9266
61967338 9266
61981488 9266
61995537 9266
62009449 9266
62024047 9266
62036775 9266
62050595 9266
62068115 9266
62079289 9266
62092728 9266
62104999 9266
62118942 9266
62131715 9266
62143039 9266
62154210 9266
62168358 9266
62182316 9266
62196383 9266
62210020 9266
62221627 9266
62232669 9266
62246428 9266
62260176 9266
62276295 9266
62287281 9266
62301445 9266
62315362 9266
62329527 9266
62340499 9266
62354707 9266
62369296 9266
62383140 9266
62395007 9266
62407199 9266
62420760 9266
62433670 9266
62447837 9266
62462078 9266
62474615 9266
62485539 9266
62501344 9266
62512350 9266
62526531 9266
62537807 9266
62551482 9266
62562477 9266
62576506 9266
62590404 9266
62601744 9266
62615125 9266
62628667 9266
62643361 9266
62661105 9266
62677499 9266
62691767 9266
62704274 9266
62718379 9266
62729950 9266
62743793 9266
62755762 9266
62767876 9266
62779630 9266
62793613 9266
62807073 9266
62821067 9266
62835381 9266
62846390 9266
62857252 9266
62871466 9266
62885151 9266
62897842 9266
62908845 9266
62922922 9266
62935092 9266
62946134 9266
62959998 9266
62974038 9266
62988583 9266
63004359 9266
63018551 9266
63032618 9266
63048015 9266
63063168 9266
63077132 9266
63090913 9266
63101962 9266
63116242 9266
63127371 9266
63138428 9266
63151112 9266
63164866 9266
63178956 9266
63191221 9266
63206398 9266
63220272 9266
63234383 9266
63248410 9266
63260403 9266
63273477 9266
63285060 9266
63298573 9266
63309732 9266
63321024 9266
63334415 9266
63347866 9266
63362412 9266
63375261 9266
63389284 9266
63403519 9266
63419474 9266
63434651 9266
63448338 9266
63463365 9266
63477196 9266
63491063 9266
63504202 9266
63517047 9266
63531478 9266
63546035 9266
63561352 9266
63573414 9266
63585013 9266
63598907 9266
63612078 9266
63626034 9266
63639988 9266
63653030 9266
63667331 9266
63680443 9266
63693226 9266
63704862 9266
63715883 9266
63729984 9266
63744206 9266
63758134 9266
63769296 9266
63781030 9266
63792113 9266
63805057 9266
63817943 9266
63832052 9266
63846498 9266
63860070 9266
63873319 9266
63887669 9266
63901650 9266
63914835 9266
63928349 9266
63942537 9266
63959469 9266
63974170 9266
63988259 9266
64001724 9266
64015436 9266
64029484 9266
64043748 9266
64060770 9266
64072157 9266
64086292 9266
64101392 9266
64113525 9266
64126611 9266
64140964 9266
64151826 9266
64163832 9266
64175139 9266
64189121 9266
64202328 9266
64216155 9266
64229511 9266
64243351 9266
64256600 9266
64270384 9266
64284382 9266
64297104 9266
64311199 9266
64327461 9266
64341742 9266
64355761 9266
64369404 9266
64382792 9266
64396815 9266
64407850 9266
64422172 9266
64437369 9266
64451099 9266
64464605 9266
64475882 9266
64489700 9266
64501567 9266
64512536 9266
64526351 9266
64537287 9266
64550692 9266
64564698 9266
64578818 9266
64594074 9266
64611702 9266
64625681 9266
64639554 9266
64653524 9266
64667788 9266
64681653 9266
64693211 9266
64706550 9266
64717714 9266
64731669 9266
64746230 9266
64760232 9266
64774145 9266
64787167 9266
64800380 9266
64812410 9266
64825220 9266
64836636 9266
64850757 9266
64866315 9266
64880478 9266
64895622 9266
64909021 9266
64920934 9266
64933485 9266
64945026 9266
64958392 9266
64972678 9266
64985541 9266
64996447 9266
65011542 9266
65025224 9266
65036269 9266
65050884 9266
65064722 9266
65078454 9266
65092665 9266
65106713 9266
65120623 9266
65134629 9266
65149270 9266
65163017 9266
65176961 9266
65188611 9266
65199609 9266
65210739 9266
65222773 9266
65236717 9266
65247742 9266
65259353 9266
65273477 9266
65289772 9266
65303828 9266
65318517 9266
65332604 9266
65345855 9266
65358890 9266
65373117 9266
65384099 9266
65395813 9266
65409983 9266
65423424 9266
65437371 9266
65450197 9266
65464589 9266
65478128 9266
65490351 9266
65503919 9266
65516907 9266
65531916 9266
65545543 9266
65561352 9266
65575694 9266
65587829 9266
65600594 9266
65614554 9266
65629382 9266
65642638 9266
65656027 9266
65671467 9266
65683828 9266
65697929 9266
65711918 9266
65725694 9266
65739478 9266
65753545 9266
65766467 9266
65779337 9266
65792061 9266
65803505 9266
65815112 9266
65828970 9266
65841407 9266
65855607 9266
65866592 9266
65880292 9266
65893912 9266
65908138 9266
65922463 9266
65936087 9266
65947156 9266
65961575 9266
65972514 9266
65983680 9266
65997723 9266
66009003 9266
66022462 9266
66034040 9266
66047609 9266
66061478 9266
66072655 9266
66087389 9266
66101471 9266
66115186 9266
66129479 9266
66142904 9266
66156825 9266
66171600 9266
66184345 9266
66198136 9266
66212145 9266
66226254 9266
66240327 9266
66256073 9266
66270520 9266
66284319 9266
66296042 9266
66309488 9266
66324479 9266
66338536 9266
66349695 9266
66363559 9266
66376995 9266
66390785 9266
66404840 9266
66418473 9266
66435094 9266
66451797 9266
66465184 9266
66478039 9266
66489705 9266
66503617 9266
66517456 9266
66530041 9266
66541090 9266
66552515 9266
66566192 9266
66581734 9266
66595724 9266
66610123 9266
66625343 9266
66638942 9266
66653035 9266
66666799 9266
66678331 9266
66692210 9266
66704156 9266
66717876 9266
66731591 9266
66745510 9266
66759271 9266
66773177 9266
66787234 9266
66799164 9266
66812509 9266
66826505 9266
66840500 9266
66853419 9266
66866905 9266
66880188 9266
66894213 9266
66905407 9266
66919169 9266
66930229 9266
66944035 9266
66957845 9266
66968800 9266
66982506 9266
66996253 9266
67010685 9266
67024777 9266
67038619 9266
67050913 9266
67064907 9266
67075844 9266
67088565 9266
67102419 9266
67116433 9266
67130447 9266
67141459 9266
67154844 9266
67169247 9266
67184667 9266
67198837 9266
67213053 9266
67226384 9266
67239609 9266
67252238 9266
67264627 9266
67275949 9266
67290116 9266
67305201 9266
67316159 9266
67329677 9266
67342668 9266
67358143 9266
67369629 9266
67383531 9266
67397589 9266
67413838 9266
67427892 9266
67440917 9266
67452266 9266
67464604 9266
67476463 9266
67490279 9266
67502201 9266
67516390 9266
67530761 9266
67544188 9266
67558029 9266
67571313 9266
67582814 9266
67596517 9266
67610639 9266
67622113 9266
67636169 9266
67647419 9266
67660860 9266
67673792 9266
67687900 9266
67701946 9266
67714910 9266
67726893 9266
67740953 9266
67755210 9266
67766240 9266
67780221 9266
67793045 9266
67806940 9266
67820680 9266
67834623 9266
67847759 9266
67859076 9266
67872384 9266
67886225 9266
67898000 9266
67912359 9266
67924117 9266
67936036 9266
67949948 9266
67961177 9266
67975078 9266
67989106 9266
68000022 9266
68013701 9266
68027383 9266
68041192 9266
68052586 9266
68065622 9266
68078772 9266
68090428 9266
68102208 9266
68116125 9266
68129858 9266
68143814 9266
68157847 9266
68171565 9266
68185856 9266
68199426 9266
68210702 9266
68223695 9266
68235666 9266
68246754 9266
68258086 9266
68272169 9266
68286236 9266
68300222 9266
68314015 9266
68328568 9266
68344391 9266
68358493 9266
68372201 9266
68386166 9266
68400904 9266
68413889 9266
68426972 9266
68439697 9266
68456073 9266
68469344 9266
68483712 9266
68496491 9266
68508692 9266
68521427 9266
68532795 9266
68545724 9266
68557314 9266
68571337 9266
68582730 9266
68596962 9266
68611223 9266
68624877 9266
68638799 9266
68652470 9266
68665612 9266
68678816 9266
68692609 9266
68705501 9266
68719144 9266
68733307 9266
68744348 9266
68755383 9266
68769414 9266
68784074 9266
68800420 9266
68814045 9266
68827582 9266
68841675 9266
68855713 9266
68870007 9266
68881353 9266
68892368 9266
68905967 9266
68916905 9266
68930441 9266
68943598 9266
68956777 9266
68970719 9266
68981721 9266
68995461 9266
69010179 9266
69023467 9266
69034757 9266
69049091 9266
69064240 9266
69078588 9266
69090236 9266
69104350 9266
69118985 9266
69131783 9266
69145609 9266
69159288 9266
69172795 9266
69185873 9266
69197934 9266
69212045 9266
69226361 9266
69239873 9266
69254281 9266
69267783 9266
69281668 9266
69293733 9266
69305460 9266
69319008 9266
69332762 9266
69348443 9266
69362109 9266
69376294 9266
69390875 9266
69404093 9266
69415102 9266
69429008 9266
69440044 9266
69454268 9266
69465804 9266
69479657 9266
69494089 9266
69505868 9266
69517657 9266
69532038 9266
69544294 9266
69557992 9266
69568921 9266
69582612 9266
69597375 9266
69611820 9266
69628768 9266
69641351 9266
69655151 9266
69668969 9266
69682782 9266
69696007 9266
69710915 9266
69724242 9266
69737336 9266
69751570 9266
69762697 9266
69776765 9266
69787987 9266
69801874 9266
69817694 9266
69833196 9266
69846944 9266
69860759 9266
69874316 9266
69888554 9266
69899614 9266
69911551 9266
69925721 9266
69940319 9266
69953269 9266
69966107 9266
69977591 9266
69991649 9266
70005619 9266
70021515 9266
70035295 9266
70048305 9266
70062071 9266
70076385 9266
70088115 9266
70102377 9266
70115618 9266
70129057 9266
70140111 9266
70151166 9266
70162622 9266
70176887 9266
70190368 9266
70203769 9266
70215059 9266
70228982 9266
70240005 9266
70253814 9266
70267510 9266
70281984 9266
70292984 9266
70304053 9266
70317888 9266
70331974 9266
70346054 9266
70357695 9266
70371159 9266
70385299 9266
70400324 9266
70411632 9266
70425449 9266
70437395 9266
70451199 9266
70462505 9266
70476571 9266
70489711 9266
70503812 9266
70517150 9266
70530797 9266
70545058 9266
70558999 9266
70569919 9266
70584006 9266
70597992 9266
70612200 9266
70625346 9266
70640391 9266
70653352 9266
70666769 9266
70679772 9266
70693889 9266
70706233 9266
70720390 9266
70734339 9266
70748483 9266
70759880 9266
70772843 9266
70787058 9266
70800902 9266
70812784 9266
70826723 9266
70841070 9266
70854422 9266
70868552 9266
70882663 9266
70896778 9266
70907723 9266
70921045 9266
70935387 9266
70949614 9266
70963556 9266
70977770 9266
70991550 9266
71006006 9266
71018895 9266
71032234 9266
71049917 9266
71063941 9266
71075690 9266
71089285 9266
71103974 9266
71117802 9266
71131111 9266
71145343 9266
71159416 9266
71173391 9266
71187549 9266
71200703 9266
71214280 9266
71228365 9266
71242183 9266
71256327 9266
71270545 9266
71285346 9266
71298285 9266
71311976 9266
71323729 9266
71339044 9266
71355914 9266
71367203 9266
71381363 9266
71395012 9266
71408205 9266
71419604 9266
71430561 9266
71443734 9266
71457348 9266
71468532 9266
71481253 9266
71493189 9266
71506882 9266
71520576 9266
71534368 9266
71545690 9266
71559388 9266
71572391 9266
71586197 9266
71599731 9266
71612654 9266
71625673 9266
71636820 9266
71651203 9266
71663449 9266
71674545 9266
71688387 9266
71699415 9266
71713363 9266
71725347 9266
71737374 9266
71750936 9266
71764721 9266
71776303 9266
71790493 9266
71804096 9266
71818401 9266
71832205 9266
71844536 9266
71858466 9266
71871787 9266
71885765 9266
71896702 9266
71910620 9266
71924302 9266
71938582 9266
71951222 9266
71962113 9266
71973213 9266
71987441 9266
71998408 9266
72012327 9266
72026176 9266
72039969 9266
72053915 9266
72067985 9266
72082128 9266
72093387 9266
72104225 9266
72117526 9266
72129259 9266
72143042 9266
72157398 9266
72171799 9266
72185273 9266
72199390 9266
72213405 9266
72227337 9266
72238858 9266
72252858 9266
72265909 9266
72279756 9123
72294056 9123
72305007 9123
72318956 9101
72332939 8986
72346603 8986
72360688 8986
72371485 8986
72384650 8986
72398468 8986
72411126 8986
72422176 8986
72433774 8986
72445403 8986
72458541 8986
72472275 8986
72485894 8986
72496707 8986
72510522 8986
72524435 8986
72538100 8986
72550395 8986
72563557 8986
72574512 8986
72586105 8986
72597130 8986
72611124 8986
72624368 8986
72637388 8986
72649537 8986
72663425 8986
72677117 8986
72690664 8986
72703693 8986
72714925 8986
72729853 8986
72744178 8986
72758971 8986
72771092 8986
72784672 8986
72798553 8986
72812315 8986
72826290 8986
72838232 8986
72851420 8986
72865071 8986
72879120 8986
72894618 8986
72908574 8986
72922535 8986
72934520 8986
72945777 8986
72957468 8986
72972300 8986
72987179 8986
73000243 8986
73014043 8986
73027943 8986
73042076 8986
73055398 8986
73070311 8986
73082920 8986
73096106 8986
73107136 8986
73121352 8986
73135089 8986
73148927 8986
73162593 8986
73176137 8986
73187109 8986
73201176 8986
73215448 8986
73228821 8986
73239722 8986
73250525 8986
73263767 8986
73277670 8986
73288596 8986
73303117 8986
73317256 8986
73331605 8986
73346109 8986
73360317 8986
73376354 8986
73389830 8986
73403631 8986
73417665 8986
73428698 8986
73442523 8986
73456602 8986
73469775 8986
73483090 8986
73496072 8986
73510229 8986
73521346 8986
73534865 8986
73545835 8986
73559462 8986
73573239 8986
73586664 8986
73604087 8986
73615065 8986
73626195 8986
73638900 8986
73650077 8986
73664154 8986
73677980 8986
73692227 8986
73708817 8986
73719943 8986
73733904 8986
73747594 8986
73762091 8986
73774887 8986
73787751 8986
73799922 8986
73813296 8986
73825920 8986
73837777 8986
73851250 8986
73865575 8986
73879210 8986
73892515 8986
73905995 8986
73920087 8986
73934103 8986
73950069 8986
73964100 8986
73977332 8986
73991218 8986
74005533 8986
74019511 8986
74032779 8986
74046528 8986
74060030 8986
74073934 8986
74088811 8986
74100084 8986
74114425 8986
74128244 8986
74142098 8986
74155215 8986
74169286 8986
74183466 8986
74197634 8986
74211850 8986
74225949 8986
74239802 8986
74254987 8986
74268934 8986
74283594 8986
74297615 8986
74311673 8986
74327969 8986
74343085 8986
74357232 8986
74372627 8986
74385741 8986
74396570 8986
74407441 8986
74418431 8986
74432454 8986
74444898 8986
74458509 8986
74472060 8986
74485889 8986
74497513 8986
74511907 8986
74526406 8986
74539067 8986
74550109 8986
74562122 8986
74575507 8986
74586952 8986
74601054 8986
74612224 8986
74626561 8986
74640425 8986
74653767 8986
74665824 8986
74676826 8986
74690504 8986
74701718 8986
74715523 8986
74729415 8986
74743588 8986
74757165 8986
74768075 8986
74781032 8986
74794948 8986
74808835 8986
74825618 8986
74839544 8986
74851046 8986
74864153 8986
74875527 8986
74891153 8986
74906387 8986
74917304 8986
74931402 8986
74945091 8986
74957101 8986
74968277 8986
74982004 8986
74995494 8986
75009743 8986
75023988 8986
75036097 8986
75047129 8986
75058537 8986
75069693 8986
75082850 8986
75095611 8986
75107496 8986
75121361 8986
75134244 8986
75148309 8986
75161015 8986
75172920 8986
75184820 8986
75199100 8986
75214099 8986
75229855 8986
75243880 8986
75258981 8986
75272283 8986
75285687 8986
75299730 8986
75313090 8986
75324030 8986
75335698 8986
75347453 8986
75361945 8986
75375215 8986
75389271 8986
75402630 8986
75413589 8986
75429256 8986
75442525 8986
75453537 8986
75467626 8986
75481393 8986
75494942 8986
75508183 8986
75522270 8986
75533316 8986
75547385 8986
75563236 8986
75577372 8986
75589357 8986
75602602 8986
75615771 8986
75629463 8986
75643066 8986
75656702 8986
75671277 8986
75683507 8986
75698227 8986
75712634 8986
75728301 8986
75741872 8986
75758205 8986
75772553 8986
75785894 8986
75798760 8986
75813275 8986
75827478 8986
75841816 8986
75856199 8986
75870218 8986
75883741 8986
75897018 8986
75911680 8986
75925060 8986
75939545 8986
75954809 8986
75968669 8986
75982709 8986
75995238 8986
76008815 8986
76023697 8986
76037086 8986
76051113 8986
76064682 8986
76076022 8986
76089943 8986
76102859 8986
76116927 8986
76130914 8986
76142463 8986
76155623 8986
76168923 8986
76183138 8986
76197431 8986
76211151 8986
76224753 8986
76235582 8986
76248025 8986
76262086 8986
76276089 8986
76290069 8986
76304050 8986
76317577 8986
76329057 8986
76341570 8986
76355656 8986
76369136 8986
76381104 8986
76392180 8986
76405381 8986
76417465 8986
76431175 8986
76445163 8986
76458919 8986
76472643 8986
76486710 8986
76500644 8986
76515699 8986
76531351 8986
76545525 8986
76556523 8986
76570112 8986
76584498 8986
76597515 8986
76608480 8986
76622838 8986
76634851 8986
76648504 8986
76662267 8986
76673160 8986
76686554 8986
76700373 8986
76711843 8986
76725633 8986
76739248 8986
76753117 8986
76765116 8986
76779433 8986
76795411 8986
76807749 8986
76819510 8986
76833649 8986
76844629 8986
76859804 8986
76872046 8986
76885949 8986
76899797 8986
76910686 8986
76922338 8986
76935181 8986
76946139 8986
76959769 8986
76973934 8986
76986737 8986
76999014 8986
77012738 8986
77027295 8986
77040144 8986
77054028 8986
77068009 8986
77083430 8986
77097326 8986
77108521 8986
77122183 8986
77136518 8986
77150815 8986
77164507 8986
77177578 8986
77192837 8986
77203954 8986
77218132 8986
77229461 8986
77240878 8986
77253852 8986
77267959 8986
77281821 8986
77295148 8986
77308331 8986
77322222 8986
77335525 8986
77347187 8986
77361117 8986
77376793 8986
77389409 8986
77400337 8986
77411429 8986
77424373 8986
77438508 8986
77452530 8986
77466511 8986
77479945 8986
77493542 8986
77506782 8986
77520346 8986
77534907 8986
77551163 8986
77564887 8986
77577511 8986
77590910 8986
77606097 8986
77618885 8986
77630501 8986
77644094 8986
77656234 8986
77670208 8986
77687350 8986
77700291 8986
77714132 8986
77726917 8986
77737989 8986
77751198 8986
77765598 8986
77778262 8986
77792437 8986
77805581 8986
77819463 8986
77833677 8986
77845835 8986
77859189 8986
77870185 8986
77884130 8986
77900036 8986
77911147 8986
77925073 8986
77940303 8986
77954053 8986
77967626 8986
77978835 8986
77990467 8986
78001496 8986
78014926 8986
78028228 8986
78039908 8986
78053402 8986
78066459 8986
78082095 8986
78096408 8986
78110138 8986
78124753 8986
78139208 8986
78153251 8986
78167377 8986
78181072 8986
78192094 8986
78206197 8986
78220409 8986
78234245 8986
78246297 8986
78260726 8986
78273800 8986
78287169 8986
78301013 8986
78313937 8986
78328133 8986
78344615 8986
78358420 8986
78371541 8986
78385827 8986
78399799 8986
78411338 8986
78425241 8986
78438636 8986
78452825 8986
78467004 8986
78480818 8986
78492923 8986
78506258 8986
78517081 8986
78528517 8986
78541854 8986
78555474 8986
78572016 8986
78586420 8986
78600700 8986
78615141 8986
78630917 8986
78644094 8986
78657441 8986
78670156 8986
78683350 8986
78695521 8986
78709091 8986
78720038 8986
78733700 8986
78747372 8986
78758509 8986
78772493 8986
78785945 8986
78800229 8986
78814641 8986
78829086 8986
78843128 8986
78857618 8986
78873281 8986
78887908 8986
78902481 8986
78918531 8986
78932529 8986
78946078 8986
78960460 8986
78971919 8986
78983815 8986
78997676 8986
79009114 8986
79022601 8986
79036890 8986
79050799 8986
79065115 8986
79079092 8986
79093436 8986
79107170 8986
79119564 8986
79133609 8986
79146771 8986
79160535 8986
79174998 8986
79190587 8986
79202058 8986
79215163 8986
79228894 8986
79240885 8986
79252172 8986
79263537 8986
79274509 8986
79286177 8986
79299152 8986
79313146 8986
79326233 8986
79340381 8986
79352577 8986
79366104 8986
79379880 8986
79394080 8986
79407457 8986
79421242 8986
79434761 8986
79445553 8986
79459401 8986
79472599 8986
79486543 8986
79500683 8986
79514205 8986
79525421 8986
79540169 8986
79552870 8986
79564622 8986
79578806 8986
79590739 8986
79604797 8986
79615739 8986
79628539 8986
79645731 8986
79659761 8986
79674188 8986
79689623 8986
79701661 8986
79713613 8986
79727061 8986
79741090 8986
79755063 8986
79768910 8986
79783126 8986
79797323 8986
79811314 8986
79824726 8986
79836149 8986
79849440 8986
79860672 8986
79874463 8986
79886391 8986
79900194 8986
79914435 8986
79928490 8986
79942536 8986
79957113 8986
79970269 8986
79984061 8986
79994966 8986
80008387 8986
80020066 8986
80033366 8986
80044943 8986
80056183 8986
80067617 8986
80079436 8986
80091009 8986
80102258 8986
80115888 8986
80131597 8986
80143665 8986
80157349 8986
80169151 8986
80182770 8986
80196028 8986
80210234 8986
80223661 8986
80237826 8986
80252369 8986
80265910 8986
80280681 8986
80293124 8986
80306363 8986
80321077 8986
80332672 8986
80345424 8986
80358388 8986
80372452 8986
80388180 8986
80401587 8986
80415631 8986
80429360 8986
80441185 8986
80455069 8986
80468559 8986
80482169 8986
80495420 8986
80506198 8986
80517186 8986
80530743 8986
80541863 8986
80552844 8986
80566754 8986
80580529 8986
80594343 8986
80605224 8986
80617094 8986
80628636 8986
80642471 8986
80656458 8986
80669988 8986
80683500 8986
80697134 8986
80713298 8986
80724596 8986
80735674 8986
80749692 8986
80761374 8986
80775237 8986
80788139 8986
80801698 8986
80815402 8986
80827018 8986
80840405 8986
80854631 8986
80868811 8986
80881963 8986
80896173 8986
80910234 8986
80923516 8986
80934367 8986
80948203 8986
80962662 8986
80977853 8986
80992013 8986
81006056 8986
81019645 8986
81033698 8986
81047901 8986
81060118 8986
81073259 8986
81086716 8986
81100979 8986
81115281 8986
81129111 8986
81142939 8986
81156013 8986
81169527 8986
81184070 8986
81195126 8986
81209148 8986
81222487 8986
81234287 8986
81245558 8986
81259658 8986
81273596 8986
81284383 8986
81295566 8986
81308943 8986
81322921 8986
81337928 8986
81350618 8986
81364609 8986
81379786 8986
81392854 8986
81404727 8986
81418680 8986
81433087 8986
81450969 8986
81464502 8986
81475618 8986
81488548 8986
81502621 8986
81516420 8986
81529948 8986
81543960 8986
81557949 8986
81571586 8986
81585043 8986
81598911 8986
81613212 8986
81627527 8986
81639695 8825
81650730 8825
81664791 8825
81677635 8825
81689000 8825
81703037 8825
81716898 8825
81730294 8825
81744212 8825
81758052 8825
81771059 8825
81785113 8825
81796126 8825
81809940 8825
81824220 8825
81837015 8825
81848816 8825
81860557 8825
81872831 8825
81884145 8825
81899165 8825
81912581 8825
81926616 8825
81940938 8825
81953991 8825
81967289 8825
81982097 8825
81996274 8825
82010526 8825
82021599 8825
82035141 8825
82046123 8825
82057876 8825
82071459 8825
82084315 8825
82095609 8825
82108068 8825
82121296 8825
82133229 8825
82144662 8825
82157727 8825
82170972 8825
82182896 8825
82196160 8825
82207159 8825
82218398 8825
82229579 8825
82243623 8825
82255377 8825
82269076 8825
82282350 8825
82296072 8825
82309798 8825
82323210 8825
82334216 8825
82345596 8825
82359744 8825
82372302 8825
82385316 8825
82396165 8825
82408757 8825
82422842 8825
82438215 8825
82451961 8825
82465504 8825
82479235 8825
82491190 8825
82506362 8825
82520475 8825
82534541 8825
82550036 8825
82564413 8825
82577307 8825
82588320 8825
82601965 8825
82616271 8825
82629934 8825
82643611 8825
82655127 8825
82668950 8825
82681607 8825
82695833 8825
82709008 8825
82721168 8825
82732078 8825
82745134 8825
82759210 8825
82772723 8825
82784709 8825
82798523 8825
82811678 8825
82825215 8825
82838534 8825
82852457 8825
82863970 8825
82878069 8825
82894319 8825
82908078 8825
82922254 8825
82936144 8825
82949967 8825
82964279 8825
82977156 8825
82991168 8825
83005239 8825
83016150 8825
83029987 8825
83043947 8825
83058583 8825
83072254 8825
83083307 8825
83097217 8825
83108094 8825
83121256 8825
83133873 8825
83147749 8825
83161293 8825
83174822 8825
83188444 8825
83199995 8825
83214035 8825
83228307 8825
83244848 8825
83258610 8825
83272837 8825
83286639 8825
83298361 8825
83309426 8825
83323539 8825
83338078 8825
83350940 8825
83364794 8825
83379011 8825
83392378 8825
83408181 8825
83419025 8825
83430802 8825
83444171 8825
83458126 8825
83469462 8825
83482577 8825
83496784 8825
83509543 8825
83520687 8825
83534470 8825
83545522 8825
83558817 8825
83570761 8825
83582251 8825
83593642 8825
83606673 8825
83617513 8825
83628652 8825
83641802 8825
83654623 8825
83669035 8825
83680575 8825
83694129 8825
83707803 8825
83722889 8825
83736583 8825
83751702 8825
83765662 8825
83780111 8825
83794153 8825
83807332 8825
83818898 8825
83831936 8825
83846046 8825
83860087 8825
83875133 8825
83889653 8825
83900587 8825
83913392 8825
83924353 8825
83937406 8825
83949211 8825
83962212 8825
83976046 8825
83990474 8825
84002308 8825
84013242 8825
84026455 8825
84040474 8825
84054516 8825
84068352 8825
84082625 8825
84096395 8825
84111415 8825
84125594 8825
84139631 8825
84150704 8825
84161808 8825
84175758 8825
84189791 8825
84200837 8825
84212162 8825
84225976 8825
84236825 8825
84249715 8825
84262188 8825
84275425 8825
84289360 8825
84303126 8825
84316971 8825
84330910 8825
84345647 8825
84359930 8825
84377513 8825
84391727 8825
84406508 8825
84417396 8825
84429361 8825
84441585 8825
84456178 8825
84470302 8825
84484158 8825
84498045 8825
84512065 8825
84523732 8825
84538098 8825
84551561 8825
84564684 8825
84576824 8825
84590557 8825
84603585 8825
84617412 8825
84633811 8825
84645093 8825
84657322 8825
84670911 8825
84684904 8825
84696911 8825
84711103 8825
84724501 8825
84738490 8825
84752424 8825
84766776 8825
84779982 8825
84794105 8825
84807807 8825
84819361 8825
84833063 8825
84846974 8825
84857943 8825
84871972 8825
84883389 8825
84897442 8825
84908921 8825
84921996 8825
84936180 8825
84953351 8825
84967761 8825
84980852 8825
84993993 8825
85008108 8825
85019259 8825
85031305 8825
85042232 8825
85055563 8825
85069723 8825
85083768 8825
85094840 8825
85107529 8825
85121647 8825
85136832 8825
85150720 8825
85164714 8825
85177834 8825
85191668 8825
85202688 8825
85213958 8825
85227179 8825
85240287 8825
85254014 8825
85268707 8825
85283125 8825
85296872 8825
85310690 8825
85321661 8825
85332843 8825
85347110 8825
85358030 8825
85371964 8825
85383836 8825
85396831 8825
85409862 8825
85421720 8825
85435537 8825
85446394 8825
85461573 8825
85475376 8825
85489642 8825
85504078 8825
85517688 8825
85531126 8825
85545393 8825
85559095 8825
85570717 8825
85584702 8825
85597811 8825
85611316 8825
85625379 8825
85636957 8825
85650944 8825
85665872 8825
85680315 8825
85694801 8825
85709206 8825
85722498 8825
85736606 8825
85749895 8825
85763424 8825
85778239 8825
85789626 8825
85802550 8825
85816448 8825
85830744 8825
85842636 8825
85855657 8825
85867071 8825
85879758 8825
85893435 8825
85907880 8825
85919463 8825
85932171 8825
85946092 8825
85959373 8825
85974736 8825
85988622 8825
86002473 8825
86015996 8825
86030361 8825
86042493 8825
86056378 8825
86069844 8825
86083925 8825
86097888 8825
86111901 8825
86126497 8825
86138683 8825
86152599 8825
86165509 8825
86178932 8825
86192706 8825
86206624 8825
86220362 8825
86231992 8825
86246714 8825
86258496 8825
86271810 8825
86285718 8825
86298358 8825
86312177 8825
86324231 8825
86338674 8825
86351444 8825
86365378 8825
86379539 8825
86391253 8825
86405097 8825
