24222 11603
38519 11293
52592 11035
66708 10685
80911 10358
93933 10358
108065 10358
121128 10358
134867 10358
148654 10300
162006 10300
174661 10300
186162 10300
198300 10300
211534 10169
224559 10169
240437 10140
252580 10140
266639 10140
280149 10140
293941 10140
305862 10140
317680 10140
331445 10140
345443 10140
359642 10140
373660 10140
385157 10131
399063 10131
411112 10131
422280 10131
436225 10131
449892 10076
463578 10076
475865 10076
489085 10076
503144 10076
516672 10076
530296 10076
544173 10076
558368 10076
570425 10047
583772 10047
597680 10047
611902 10047
626249 10047
641916 10047
655952 10047
667060 10047
680409 10047
694191 10047
705828 10047
717246 10047
731124 10047
744257 10047
756049 10047
770073 10047
783408 10047
795168 10047
808758 10047
820908 10047
832107 10047
843206 10047
857695 10047
871117 10047
884542 10047
899710 10047
915967 10047
929566 10047
940574 10047
953555 10047
967699 10047
981852 10047
992944 10047
1006647 10047
1020612 10047
1031760 10047
1045493 10047
1059579 10047
1071016 10047
1085010 10047
1099299 10047
1113620 10047
1127674 10047
1142005 10047
1153562 10047
1167451 10047
1182831 10047
1197046 10047
1211362 10047
1225779 10047
1239945 10047
1255004 10047
1269538 10047
1281015 10047
1295075 10047
1309121 10047
1321044 10047
1334677 10047
1348486 10047
1362598 10047
1376262 9968
1389622 9928
1403920 9928
1417952 9928
1432087 9928
1444461 9928
1458113 9928
1469463 9928
1483115 9928
1497600 9928
1508741 9928
1521868 9928
1536166 9928
1548476 9928
1561349 9928
1575327 9928
1587352 9928
1601704 9928
1616063 9928
1630359 9928
1641241 9928
1655553 9928
1668476 9928
1679771 9928
1690918 9928
1702732 9928
1713846 9928
1728515 9928
1740404 9928
1751732 9928
1765563 9928
1780093 9928
1794569 9864
1808089 9864
1821987 9864
1833835 9864
1848909 9864
1862014 9864
1876420 9864
1888577 9864
1903711 9864
1917953 9864
1928928 9864
1940335 9864
1954634 9864
1968283 9864
1979427 9864
1993063 9864
2006894 9864
2020159 9864
2034608 9864
2046082 9864
2059705 9864
2072692 9864
2085137 9864
2097042 9864
2111094 9864
2124990 9864
2138980 9864
2153773 9864
2167762 9864
2182362 9864
2196025 9864
2210041 9864
2223663 9864
2235727 9864
2250312 9864
2264184 9864
2275921 9864
2290087 9864
2306629 9864
2319985 9864
2334173 9864
2347942 9864
2359991 9864
2372879 9864
2387033 9864
2401323 9835
2415623 9835
2429509 9835
2443494 9835
2457010 9835
2471676 9835
2486085 9835
2498118 9835
2511287 9835
2524993 9835
2537393 9835
2549015 9835
2563089 9835
2576722 9835
2587551 9835
2601262 9835
2615354 9835
2628037 9835
2639015 9835
2652102 9835
2665123 9835
2678943 9835
2692983 9835
2707308 9835
2721730 9835
2734309 9835
2748052 9835
2762590 9835
2773739 9835
2785583 9835
2797165 9835
2811695 9835
2826857 9835
2841533 9835
2855295 9835
2872141 9835
2886816 9835
2903512 9835
2916206 9835
2930058 9835
2944130 9835
2958330 9835
2972485 9835
2986238 9835
3002020 9835
3017130 9835
3030886 9835
3044239 9835
3055977 9835
3070277 9835
3084460 9835
3097946 9835
3109058 9835
3123496 9835
3137537 9835
3151066 9835
3166110 9835
3177228 9835
3188772 9835
3202591 9835
3215427 9835
3229250 9835
3240600 9835
3254789 9835
3266225 9835
3280185 9835
3294609 9835
3307380 9835
3322266 9835
3334026 9835
3345015 9835
3358443 9835
3370011 9835
3383986 9835
3397802 9835
3411258 9826
3424882 9826
3435823 9693
3449796 9693
3464015 9693
3477788 9693
3489943 9693
3503567 9693
3516776 9693
3530461 9693
3543370 9693
3556469 9693
3570464 9693
3584412 9693
3600430 9693
3615115 9693
3627486 9693
3641338 9693
3655383 9693
3668516 9693
3682252 9693
3693425 9693
3707131 9693
3721142 9693
3733360 9693
3747512 9693
3761782 9693
3775506 9693
3789288 9693
3803099 9693
3816688 9693
3830861 9693
3844939 9693
3857178 9635
3871112 9635
3885215 9635
3901178 9618
3915061 9618
3928789 9618
3942743 9618
3954431 9618
3968225 9618
3980538 9618
3993715 9618
4004934 9618
4018877 9618
4033544 9618
4047418 9618
4058589 9618
4072249 9618
4086311 9618
4102916 9618
4114642 9618
4128442 9618
4141672 9618
4156634 9618
4169904 9618
4182294 9618
4196059 9618
4206943 9618
4219895 9618
4233528 9618
4246589 9618
4258476 9618
4270238 9618
4284936 9618
4299230 9618
4313467 9618
4324974 9618
4336952 9618
4347986 9618
4361869 9618
4374866 9618
4390372 9618
4404524 9618
4417890 9618
4430620 9618
4444480 9618
4456053 9618
4469003 9618
4481154 9618
4494586 9618
4507769 9618
4521767 9618
4532764 9618
4546421 9618
4560092 9618
4574152 9618
4588416 9618
4602754 9618
4615999 9618
4630200 9618
4643440 9618
4657252 9618
4670370 9618
4683805 9618
4695959 9618
4709081 9618
4722058 9618
4736118 9618
4750064 9618
4763734 9618
4778115 9618
4792521 9618
4805669 9618
4819759 9618
4832649 9618
4846654 9618
4858485 9618
4870166 9618
4881149 9618
4892122 9618
4905856 9618
4920370 9618
4934946 9618
4946917 9618
4959060 9618
4973138 9618
4986505 9618
4999896 9618
5014234 9618
5028201 9618
5042241 9618
5056076 9618
5070034 9618
5083656 9618
5095530 9618
5106804 9618
5121043 9618
5134896 9618
5149234 9618
5163020 9618
5176971 9618
5189968 9618
5201836 9618
5217632 9618
5230473 9618
5246083 9618
5260300 9618
5271588 9618
5285435 9618
5299284 9618
5312903 9618
5324677 9618
5336393 9618
5350601 9618
5364545 9618
5378459 9618
5392572 9618
5403691 9618
5416178 9618
5428317 9618
5442175 9618
5456225 9618
5469320 9618
5483750 9618
5497408 9618
5510696 9618
5524307 9618
5535700 9618
5549095 9618
5565530 9618
5579462 9618
5592774 9618
5606102 9618
5620001 9618
5633097 9618
5647423 9618
5658716 9618
5671849 9618
5687070 9618
5698844 9618
5712869 9618
5726458 9618
5740621 9618
5753735 9618
5765903 9618
5778078 9618
5792257 9618
5805458 9618
5818360 9618
5831614 9618
5843430 9618
5856895 9618
5870517 9618
5884431 9618
5898739 9618
5912732 9618
5926396 9618
5939503 9618
5953438 9618
5967047 9618
5980805 9618
5991750 9618
6005596 9618
6021181 9618
6032960 9618
6049051 9618
6063084 9618
6079270 9618
6093295 9618
6106771 9618
6119590 9618
6133140 9618
6144770 9618
6157639 9618
6170909 9618
6185048 9618
6199703 9618
6213634 9618
6227994 9618
6242497 9618
6256301 9618
6269609 9618
6281561 9618
6295679 9618
6307243 9618
6318320 9618
6332135 9618
6346088 9618
6359892 9618
6373536 9618
6387380 9618
6400692 9618
6412302 9618
6423340 9618
6437530 9618
6451604 9618
6467818 9618
6481172 9618
6494786 9618
6508884 9618
6522696 9618
6535586 9618
6549314 9618
6563256 9618
6578685 9618
6592554 9618
6608338 9618
6620869 9618
6634657 9618
6647803 9618
6660884 9618
6674811 9618
6687884 9618
6700246 9618
6713494 9618
6726153 9618
6738745 9618
6753087 9618
6767241 9618
6781885 9618
6793994 9618
6806712 9618
6820883 9618
6834653 9618
6848146 9618
6864472 9618
6878429 9618
6893788 9618
6904942 9618
6918975 9618
6932514 9618
6947314 9618
6961051 9618
6975265 9618
6987705 9618
7001448 9618
7014616 9618
7028333 9618
7040044 9618
7053305 9618
7067583 9618
7081450 9618
7096504 9618
7110760 9618
7123783 9618
7137083 9618
7151707 9618
7163628 9618
7178273 9618
7189155 9618
7202456 9618
7216217 9618
7230063 9618
7244170 9618
7255257 9618
7267233 9618
7281321 9618
7295358 9618
7309429 9618
7323580 9618
7336289 9618
7347490 9618
7360256 9618
7373387 9618
7387337 9618
7401162 9618
7415159 9618
7428869 9618
7441085 9618
7455125 9618
7467432 9618
7480541 9618
7494875 9618
7508749 9618
7522873 9618
7536674 9618
7550547 9618
7564892 9618
7576630 9618
7590646 9618
7605295 9618
7619292 9618
7630289 9618
7641454 9618
7654887 9618
7669005 9618
7682986 9618
7693987 9618
7708046 9618
7719965 9618
7733458 9618
7747444 9618
7760463 9618
7771722 9618
7785125 9618
7799358 9618
7813135 9618
7826976 9618
7839656 9618
7852807 9618
7867106 9618
7880634 9618
7894449 9618
7908151 9618
7921079 9618
7932479 9618
7946273 9618
7958287 9618
7969179 9618
7984920 9618
7999274 9618
8012668 9618
8026466 9618
8037474 9618
8052003 9618
8067407 9618
8081582 9618
8093002 9618
8107401 9618
8121003 9618
8133836 9618
8147803 9618
8162203 9618
8175405 9618
8191422 9618
8207875 9618
8222271 9618
8235982 9618
8249779 9618
8263889 9618
8278002 9618
8292258 9618
8306232 9618
8319547 9618
8333228 9618
8347088 9618
8360891 9618
8375132 9618
8389115 9618
8400136 9618
8414609 9618
8425666 9618
8439684 9618
8451088 9618
8464328 9618
8475914 9618
8487441 9618
8501307 9618
8515767 9618
8530168 9618
8543699 9618
8557408 9618
8572046 9618
8586243 9618
8600401 9618
8612988 9618
8626984 9618
8641407 9618
8655872 9618
8668904 9618
8682428 9618
8694231 9618
8706752 9618
8720339 9618
8734333 9618
8748918 9618
8763358 9618
8774421 9618
8788687 9618
8801332 9618
8815053 9618
8829216 9618
8843436 9618
8857234 9618
8870582 9618
8884764 9618
8898050 9618
8909220 9618
8923176 9618
8937404 9618
8951641 9618
8966057 9618
8978104 9618
8991909 9618
9005905 9618
9020923 9618
9035508 9618
9050091 9618
9064783 9618
9078922 9618
9092105 9618
9103947 9618
9117897 9618
9131753 9618
9143958 9618
9154868 9618
9169473 9618
9183720 9618
9196988 9618
9209906 9618
9223588 9618
9237145 9618
9249647 9618
9261811 9618
9275202 9618
9288635 9618
9302796 9618
9315485 9618
9329531 9618
9343774 9618
9355071 9618
9366161 9618
9378427 9618
9392499 9618
9405461 9618
9418566 9618
9432776 9618
9446913 9618
9460363 9618
9474709 9618
9486497 9618
9499684 9618
9511158 9618
9525047 9618
9538797 9618
9552138 9618
9565410 9618
9580563 9618
9593550 9618
9605407 9618
9619000 9618
9635676 9618
9649878 9618
9662529 9618
9675787 9618
9686813 9618
9700745 9618
9714988 9618
9728455 9618
9742398 9618
9758001 9618
9771939 9618
9783103 9618
9794812 9618
9808835 9618
9820838 9618
9834338 9618
9847704 9618
9861928 9618
9872972 9618
9887271 9618
9900962 9618
9915144 9618
9929306 9618
9941815 9618
9957559 9618
9970438 9618
9984388 9618
9996819 9618
10010275 9618
10024061 9618
10037360 9618
10049165 9618
10060388 9618
10073106 9618
10086359 9618
10097401 9618
10111492 9618
10125442 9618
10138429 9618
10149459 9618
10160508 9618
10174371 9618
10186026 9618
10199304 9618
10213486 9618
10226685 9618
10241130 9618
10255861 9618
10270622 9618
10285056 9618
10297435 9618
10310183 9618
10325728 9618
10340188 9618
10354374 9618
10365519 9618
10379846 9618
10395350 9618
10409711 9618
10423868 9618
10435959 9618
10449553 9618
10462770 9618
10476983 9618
10491213 9618
10505136 9618
10518204 9618
10531549 9618
10545381 9618
10559527 9618
10573163 9618
10587740 9618
10602074 9618
10615639 9618
10629580 9618
10643254 9618
10655239 9618
10668937 9618
10680044 9618
10693705 9618
10704716 9618
10718168 9618
10732303 9618
10746531 9618
10758158 9618
10769249 9618
10783243 9618
10795146 9618
10809376 9618
10823729 9618
10838156 9618
10852668 9618
10866465 9618
10879920 9618
10894387 9618
10908936 9618
10922121 9618
10936530 9618
10949587 9618
10962957 9618
10974106 9618
10987243 9618
11001230 9618
11013491 9618
11024699 9618
11036996 9618
11050518 9618
11064518 9618
11077475 9618
11090602 9618
11101899 9618
11116062 9618
11129693 9618
11141406 9618
11154584 9618
11167345 9618
11180752 9618
11192452 9618
11206397 9618
11220482 9618
11234078 9618
11247771 9618
11258918 9618
11271504 9618
11285436 9618
11299429 9618
11311490 9618
11322468 9618
11338606 9618
11352459 9618
11365589 9618
11379605 9618
11393269 9618
11407436 9618
11420820 9618
11434545 9618
11445742 9618
11457200 9618
11471451 9618
11483014 9618
11497731 9618
11511645 9618
11524465 9618
11537454 9618
11548736 9618
11562655 9618
11575936 9618
11588329 9618
11600161 9618
11613928 9618
11627845 9618
11642363 9618
11658238 9618
11671326 9618
11685432 9618
11699351 9618
11711676 9618
11722517 9618
11736720 9618
11750638 9618
11764011 9618
11778142 9618
11789121 9618
11804883 9618
11818796 9618
11829818 9618
11844525 9618
11858791 9618
11874758 9618
11888571 9618
11901987 9618
11915557 9618
11929855 9618
11943490 9618
11955741 9618
11967401 9618
11981714 9618
11992755 9618
12007134 9618
12019383 9618
12033393 9618
12046503 9618
12059817 9618
12073854 9618
12088039 9618
12102256 9618
12117328 9618
12128365 9618
12139360 9618
12153415 9618
12169445 9618
12181293 9618
12194809 9618
12208795 9618
12224558 9618
12241438 9618
12255236 9618
12269973 9618
12283971 9618
12296268 9618
12310164 9618
12323569 9618
12334694 9618
12348071 9618
12361622 9618
12375159 9618
12388929 9618
12402615 9618
12413552 9618
12424823 9618
12438644 9618
12452191 9618
12466562 9618
12480879 9618
12494261 9618
12505657 9618
12519704 9618
12532569 9618
12546570 9618
12557757 9618
12571628 9618
12582630 9618
12594549 9618
12608617 9618
12622894 9618
12638254 9618
12652657 9618
12666553 9618
12679687 9618
12693027 9618
12708476 9618
12724108 9618
12738289 9618
12750049 9618
12762864 9618
12777127 9618
12788831 9618
12801041 9618
12815148 9618
12829272 9618
12841880 9618
12853915 9618
12867553 9618
12880345 9618
12894994 9618
12908638 9618
12923117 9618
12937824 9618
12952004 9618
12962969 9618
12974251 9618
12987621 9618
13001606 9618
13015569 9618
13029636 9618
13043406 9618
13056773 9618
13070985 9618
13082702 9618
13095911 9618
13109659 9618
13123526 9618
13137323 9618
13151607 9618
13165049 9618
13179079 9618
13190466 9618
13202635 9618
13214241 9618
13228402 9618
13244038 9618
13258086 9618
13270572 9618
13285268 9618
13298982 9618
13312126 9618
13326031 9618
13339870 9618
13354075 9618
13368344 9618
13381642 9618
13393223 9618
13405789 9618
13419985 9618
13433869 9618
13447944 9618
13461883 9618
13474881 9618
13489146 9618
13503269 9618
13516644 9618
13527962 9618
13542136 9618
13555722 9618
13571126 9618
13584382 9618
13598368 9618
13610564 9618
13624929 9618
13641045 9618
13655736 9618
13669433 9618
13683538 9618
13697949 9618
13712071 9618
13724625 9618
13738084 9618
13751604 9618
13765458 9618
13779453 9618
13790758 9618
13801724 9618
13815621 9618
13827772 9618
13840711 9618
13853289 9618
13865615 9618
13879617 9618
13892244 9618
13903112 9618
13916835 9618
13930343 9618
13941378 9618
13954917 9618
13968865 9618
13981560 9618
13995487 9618
14009220 9618
14022269 9618
14036056 9618
14047122 9618
14058960 9618
14072750 9618
14087477 9618
14101471 9618
14115492 9618
14129412 9618
14141185 9618
14155665 9618
14167840 9618
14182238 9618
14194988 9618
14209147 9618
14220753 9618
14235468 9618
14250778 9618
14263193 9618
14277330 9618
14291508 9618
14305689 9618
14320360 9618
14333157 9618
14344729 9618
14358254 9618
14372052 9618
14386431 9618
14400288 9618
14411581 9618
14425439 9618
14439548 9618
14450448 9618
14463106 9618
14477595 9618
14490601 9618
14504589 9618
14519091 9618
14530194 9618
14543995 9618
14557900 9618
14572453 9618
14585950 9618
14599418 9618
14612575 9618
14624367 9618
14637468 9618
14651809 9618
14669074 9618
14685709 9618
14701479 9618
14715867 9618
14729872 9618
14743638 9618
14755554 9618
14769492 9618
14781238 9618
14792345 9618
14805860 9618
14819644 9618
14832777 9618
14844480 9618
14855426 9618
14870499 9618
14885142 9618
14897009 9618
14912107 9618
14923319 9618
14936491 9618
14949360 9618
14962626 9618
14977431 9618
14988932 9618
15002919 9618
15016785 9618
15031158 9618
15046991 9618
15063691 9618
15074886 9618
15089048 9618
15102025 9618
15115847 9618
15130192 9618
15144120 9618
15155246 9618
15166157 9618
15179786 9618
15193038 9618
15207952 9618
15221659 9618
15235761 9618
15248586 9618
15261722 9618
15275090 9618
15288948 9618
15300939 9618
15314536 9618
15328310 9618
15342494 9618
15356486 9618
15370387 9618
15381496 9618
15394833 9618
15408474 9618
15419400 9618
15432234 9618
15445101 9618
15458940 9618
15471954 9618
15483449 9618
15494455 9618
15507421 9618
15518342 9618
15531431 9618
15543545 9618
15557895 9618
15573097 9618
15584588 9618
15595835 9618
15610089 9618
15623753 9618
15637375 9618
15650394 9618
15663426 9618
15677571 9618
15692430 9618
15707135 9618
15720404 9618
15732197 9618
15746107 9618
15758995 9618
15771143 9618
15785163 9618
15798911 9618
15812791 9618
15826709 9618
15840594 9618
15854591 9618
15865639 9618
15879273 9618
15893772 9618
15908138 9618
15920794 9618
15934400 9618
15948089 9618
15962532 9618
15975990 9618
15989677 9618
16003570 9618
16015241 9618
16029481 9618
16042839 9618
16056961 9618
16070267 9618
16081310 9618
16094339 9618
16109561 9618
16123541 9618
16139127 9618
16152441 9618
16166217 9618
16180273 9618
16193879 9618
16207947 9618
16222309 9618
16239103 9618
16253455 9618
16265323 9618
16279511 9618
16293712 9618
16305310 9618
16317859 9618
16331666 9618
16344534 9618
16358696 9618
16372520 9618
16386304 9618
16400673 9618
16414609 9618
16425653 9618
16439277 9618
16450277 9586
16465747 9512
16477233 9490
16490901 9490
16504403 9421
16518009 9421
16530000 9421
16544475 9310
16558539 9310
16572681 9310
16587406 9310
16601557 9310
16612561 9310
16623834 9310
16634966 9252
16648980 9160
16659964 9160
16673954 9160
16689678 9160
16703828 9160
16718032 9160
16733607 9160
16748115 9160
16759374 9160
16771484 9160
16785926 9160
16799773 9160
16813736 9160
16828293 9160
16839283 9160
16852948 9160
16865614 9160
16876860 9160
16890895 9160
16904874 9160
16917121 9108
16930212 9108
16944422 9108
16955770 9108
16968647 9108
16980002 9108
16993731 9108
17007945 9108
17022872 9108
17037003 9108
17051006 9108
17064797 9108
17077814 9108
17091261 9108
17102220 9108
17113976 9108
17128533 9108
17142758 9108
17157227 9108
17173475 9108
17186784 9108
17198780 9108
17212854 9108
17229745 9108
17243735 9108
17256973 9108
17268116 9108
17280250 9108
17295904 9108
17309804 9108
17323418 9108
17338082 9108
17352143 9108
17365919 9108
17379272 9108
17392471 9108
17406074 9108
17417865 9108
17431792 9108
17446102 9108
17460018 9108
17474082 9108
17485879 9108
17499806 9108
17513783 9108
17528694 9108
17543154 9108
17556341 9108
17569354 9108
17581466 9108
17592661 9108
17606758 9108
17621181 9108
17633980 9108
17647976 9108
17663388 9108
17676722 9108
17687785 9108
17698825 9108
17712428 9108
17726205 9108
17740149 9108
17754755 9108
17768812 9108
17782621 9108
17795456 9108
17808751 9108
17822593 9108
17836586 9108
17850577 9108
17862317 9108
17873757 9108
17887481 9108
17901186 9108
17912540 9108
17925043 9108
17938601 9108
17951868 9108
17966415 9108
17977943 9108
17992576 9108
18005002 9108
18019131 9108
18032723 9108
18047643 9108
18061492 9108
18075497 9108
18089761 9108
18104530 9108
18118681 9108
18131873 9108
18146505 9108
18160589 9108
18174741 9108
18188963 9108
18203492 9108
18217364 9108
18231079 9108
18244389 9108
18258537 9108
18272758 9108
18286563 9108
18299915 9108
18312651 9108
18325739 9108
18339599 9108
18353502 9108
18366690 9108
18379344 9108
18395161 9108
18408508 9108
18422630 9108
18433935 9108
18448011 9108
18461992 9108
18475583 9108
18492719 9108
18508292 9108
18521322 9108
18532197 9108
18546224 9108
18561246 9108
18575508 9108
18588631 9108
18602716 9108
18615000 9108
18629492 9108
18643126 9108
18656702 9108
18670837 9108
18683074 9108
18697080 9108
18708821 9108
18720583 9108
18734573 9108
18746020 9108
18759829 9108
18774956 9108
18787678 9108
18800890 9108
18815030 9108
18829334 9108
18840493 9108
18851971 9108
18866105 9108
18877291 9108
18891466 9108
18904899 9108
18919120 9108
18933172 9108
18947082 9108
18958229 9091
18972437 9091
18983342 9091
18999000 9091
19013236 9091
19026044 9091
19040423 9091
19054436 9091
19068170 9091
19080580 9091
19094337 9091
19105675 9091
19119472 9091
19133707 9091
19146024 9091
19158134 9091
19172227 9091
19185776 9091
19198619 9091
19212611 9091
19228106 9091
19241658 9091
19255692 9091
19269647 9091
19283364 9091
19294399 9091
19305449 9091
19319636 9091
19333748 9091
19345540 9091
19359531 9091
19373696 9091
19388244 9091
19399987 9091
19414334 9091
19427821 9091
19441746 9091
19456239 9091
19469210 9091
19480253 9091
19494227 9091
19511013 9091
19524529 9091
19535773 9091
19549951 9091
19563648 9091
19577945 9091
19592237 9091
19605568 9091
19619616 9091
19633360 9091
19644381 9091
19657182 9091
19669312 9091
19683290 9091
19694733 9091
19708135 9091
19721797 9091
19735992 9091
19747784 9091
19762568 9091
19773653 9091
19784532 9091
19797595 9091
19810931 9091
19824484 9091
19837874 9091
19851732 9091
19864989 9091
19878380 9091
19892374 9091
19906550 9091
19919671 9091
19930587 9091
19942004 9091
19953152 9091
19967211 9091
19981217 9091
19995130 9091
20008681 9091
20022904 9091
20034933 9091
20049321 9091
20066813 9091
20080582 9091
20094759 9091
20108684 9091
20121075 9091
20132662 9091
20147029 9091
20159304 9091
20173150 9091
20187174 9091
20199282 9091
20211080 9091
20225207 9091
20237607 9091
20251725 9091
20266855 9091
20281041 9091
20293870 9091
20308007 9091
20322218 9091
20336936 9091
20348590 9091
20362895 9091
20377029 9091
20390876 9091
20404983 9091
20419285 9091
20433524 9091
20447108 9091
20461281 9091
20474997 9091
20486377 9091
20497368 9091
20508499 9091
20522568 9091
20536685 9091
20548226 9091
20561042 9091
20574754 9091
20586305 9091
20597350 9091
20610858 9091
20624160 9091
20637132 9091
20649112 9091
20660443 9091
20673572 9091
20688866 9091
20702154 9091
20717179 9091
20734378 9091
20750380 9091
20764566 9091
20780435 9091
20791544 9091
20805306 9091
20817186 9091
20830338 9091
20842774 9091
20855577 9091
20869513 9091
20881462 9091
20894326 9091
20909178 9091
20925951 9091
20940011 9091
20953174 9091
20967207 9091
20981353 9091
20995463 9091
21009070 9091
21023217 9091
21034626 9091
21048386 9091
21059408 9091
21073288 9091
21087612 9091
21102020 9091
21116612 9091
21128960 9091
21143006 9091
21155780 9091
21169753 9091
21183935 9091
21196888 9091
21210154 9091
21222569 9091
21233853 9091
21248873 9091
21262008 9091
21274801 9091
21288880 9091
21302496 9091
21316867 9091
21328008 9091
21341602 9091
21354917 9091
21371499 9091
21385217 9091
21399364 9091
21411271 9091
21425319 9091
21439721 9091
21452401 9091
21468815 9091
21483214 9091
21496714 9091
21507586 9091
21518555 9091
21530492 9091
21543516 9091
21555315 9091
21569537 9091
21580613 9091
21595309 9091
21611256 9091
21622952 9091
21636385 9091
21648023 9091
21662434 9091
21673658 9091
21686153 9091
21700798 9091
21714691 9091
21730331 9091
21745004 9091
21756018 9091
21770238 9091
21781683 9091
21797580 9091
21812195 9091
21826113 9091
21838630 9091
21850281 9091
21861195 9091
21874410 9091
21885528 9091
21899051 9091
21912306 9091
21925818 9091
21938840 9091
21952530 9091
21966445 9091
21979741 9091
21993047 9091
22004338 9091
22018254 9091
22032764 9091
22047131 9091
22061872 9091
22075155 9091
22088469 9091
22103535 9091
22117594 9091
22131811 9091
22144762 9091
22158610 9091
22172799 9091
22187431 9091
22200630 9091
22214504 9091
22228379 9091
22240698 9091
22252121 9091
22266131 9091
22280232 9091
22294004 9091
22308011 9091
22322267 9091
22336930 9091
22352372 9091
22366406 9091
22380110 9091
22393957 9091
22408002 9091
22422001 9091
22433985 9091
22447793 9091
22459255 9091
22473307 9091
22487559 9091
22500431 9091
22514008 9091
22526885 9091
22541036 9091
22554267 9091
22566336 9091
22579611 9091
22591330 9091
22602572 9091
22616301 9091
22630358 9091
22645068 9091
22656440 9091
22670744 9091
22684858 9091
22695808 9091
22709922 9091
22724212 9091
22736348 9091
22749837 9091
22761533 9091
22775778 9091
22788762 9091
22802703 9091
22815992 9091
22830132 9091
22844097 9091
22858855 9091
22873424 9091
22886202 9091
22900077 9091
22913318 9091
22927572 9091
22941966 9091
22955995 9091
22967682 9091
22981826 9091
22993184 9091
23006847 9091
23021624 9091
23036320 9091
23050164 9091
23064661 9091
23077503 9091
23091435 9091
23105053 9091
23116892 9091
23129999 9091
23143793 9091
23157767 9091
23171227 9091
23185470 9091
23199448 9091
23210265 9091
23223845 9091
23234897 9091
23248690 9091
23264273 9091
23276540 9091
23288232 9091
23302071 9091
23315443 9091
23330359 9091
23343334 9091
23356616 9091
23367697 9091
23381856 9091
23394614 9091
23408439 9091
23419288 9091
23433111 9091
23447115 9091
23461023 9091
23474888 9091
23489217 9091
23503739 9091
23517897 9091
23532082 9091
23545941 9091
23561962 9091
23574798 9091
23587365 9091
23601140 9091
23614913 9091
23627616 9091
23641350 9091
23656171 9091
23669497 9091
23683416 9091
23697204 9091
23711409 9091
23724550 9091
23738417 9091
23752730 9091
23766025 9091
23779776 9091
23793320 9091
23805100 9091
23818529 9091
23831629 9091
23845688 9091
23856664 9091
23870346 9091
23884488 9091
23898973 9091
23912949 9091
23926817 9091
23941182 9091
23952459 9091
23965427 9091
23976603 9091
23990523 9091
24004288 9091
24015974 9091
24029622 9091
24043294 9091
24056244 9091
24070401 9091
24085117 9091
24096857 9091
24110292 9091
24123543 9091
24134507 9091
24146653 9091
24159605 9091
24172758 9091
24186283 9091
24199643 9091
24213871 9091
24228245 9091
24241946 9091
24255003 9091
24266559 9091
24280901 9091
24295425 9091
24309362 9091
24322821 9091
24336541 9091
24348872 9091
24362643 9091
24376667 9091
24390718 9091
24405254 9091
24419301 9091
24432683 9091
24446895 9091
24457982 9091
24471764 9091
24485121 9091
24500724 9091
24513535 9091
24527749 9091
24540281 9091
24554182 9091
24566079 9091
24580267 9091
24594252 9091
24605463 9091
24619606 9091
24633748 9091
24648033 9091
24659026 9091
24672112 9091
24683207 9091
24694674 9091
24707095 9091
24720958 9091
24735159 9091
24749385 9091
24762652 9091
24776387 9091
24790374 9091
24805179 9091
24816389 9091
24829472 9091
24841115 9091
24854421 9091
24870735 9091
24884956 9091
24898726 9091
24912679 9091
24926225 9091
24938640 9091
24949609 9091
24963749 9091
24977723 9091
24991359 9091
25005172 9091
25019155 9091
25031899 9091
25046007 9091
25060513 9091
25071935 9091
25085922 9091
25097044 9091
25111783 9091
25128871 9091
25143230 9091
25156780 9091
25169609 9091
25183340 9091
25194253 9091
25210292 9091
25223827 9091
25237283 9091
25248370 9091
25261326 9091
25276467 9091
25289879 9091
25301795 9091
25315685 9091
25328687 9091
25342706 9091
25354290 9091
25365732 9091
25379429 9091
25394073 9091
25407065 9091
25420705 9091
25434569 9091
25448273 9091
25461383 9091
25475374 9091
25488797 9091
25500655 9091
25511894 9091
25524652 9091
25538564 9091
25552460 9091
25566206 9091
25577981 9091
25592083 9091
25604566 9091
25618465 9091
25633970 9091
25649923 9091
25664049 9091
25678371 9091
25692743 9091
25705830 9091
25717683 9091
25731857 9091
25746019 9091
25757992 9091
25771904 9091
25786510 9091
25799969 9091
25813866 9091
25827552 9091
25841303 9091
25853104 9091
25866497 9091
25878479 9091
25892106 9091
25903124 9091
25916174 9091
25928022 9091
25939834 9091
25954014 9091
25968003 9091
25982119 9091
25998112 9091
26010965 9091
26024949 9091
26038771 9091
26050101 9091
26063705 9091
26077624 9091
26091107 9091
26102850 9091
26114963 9091
26129228 9091
26142443 9091
26156679 9091
26170624 9091
26184913 9091
26199085 9091
26213630 9091
26228479 9091
26241205 9091
26255286 9091
26269747 9091
26281904 9091
26295709 9091
26309148 9091
26323011 9091
26337101 9091
26351596 9091
26365612 9091
26380128 9091
26394065 9091
26407425 9091
26420685 9091
26434177 9091
26447489 9091
26458471 9091
26472603 9091
26486730 9091
26498621 9091
26511608 9091
26525542 9091
26539114 9091
26553430 9091
26567395 9091
26580945 9091
26594755 9091
26610389 9091
26624207 9091
26638408 9091
26652414 9091
26663535 9091
26677194 9091
26688514 9091
26702826 9091
26716162 9091
26727317 9091
26741197 9091
26754955 9091
26769029 9091
26780611 9091
26793840 9091
26805844 9091
26818048 9091
26831745 9091
26843104 9091
26855985 9091
26869961 9091
26883278 9091
26897356 9091
26908560 9091
26922279 9091
26936115 9091
26950883 9091
26964364 9091
26977176 9091
26989405 9091
27003578 9091
27017718 9091
27031756 9091
27044929 9091
27058154 9091
27069138 9091
27083093 9091
27097708 9091
27110399 9091
27122123 9091
27135400 9091
27148604 9091
27159682 9091
27170668 9091
27183405 9091
27197489 9091
27211355 9091
27224507 9091
27238853 9091
27252730 9091
27265625 9091
27281358 9091
27294698 9091
27308102 9091
27322012 9091
27336267 9091
27349835 9091
27364370 9091
27378820 9091
27392238 9091
27406467 9091
27420609 9091
27431429 9091
27444938 9091
27458708 9091
27472480 9091
27483440 9091
27497137 9091
27511161 9091
27524547 9091
27535652 9091
27548253 9091
27561687 9091
27573817 9091
27587307 9091
27601572 9091
27613164 9091
27625425 9091
27639108 9091
27652244 9091
27667691 9091
27678742 9091
27690062 9091
27703375 9091
27717237 9091
27731427 9091
27746164 9091
27760181 9091
27772689 9091
27785919 9091
27797674 9091
27811636 9091
27826420 9091
27840573 9091
27853941 9091
27868423 9091
27882322 9091
27896239 9091
27909865 9091
27923705 9091
27938765 9091
27951758 9091
27965026 9091
27976040 9091
27989103 9091
28001547 9091
28012985 9091
28025113 9091
28039377 9091
28053266 9091
28067125 9091
28078121 9091
28092291 9091
28106823 9091
28117885 9091
28131838 9091
28142822 9091
28156816 9091
28171343 9091
28185646 9091
28199629 9091
28212886 9091
28226993 9091
28240613 9091
28252528 9091
28267021 9091
28281741 9091
28296476 9091
28309623 9091
28323479 9091
28337749 9091
28353847 9091
28366884 9091
28381288 9091
28395406 9091
28409243 9091
28423071 9091
28437181 9091
28450882 9091
28463944 9091
28478349 9091
28491562 9091
28505422 9091
28518790 9091
28532843 9091
28544073 9091
28558359 9091
28572251 9091
28586900 9091
28601258 9091
28617185 9091
28630151 9091
28642458 9091
28653588 9091
28667467 9091
28680488 9091
28696214 9091
28713306 9091
28726861 9091
28740740 9091
28756874 9091
28770988 9091
28787993 9091
28801579 9091
28815422 9091
28829460 9091
28843368 9091
28857417 9091
28871381 9091
28884817 9091
28898680 9091
28914480 9091
28928810 9091
28944700 9091
28958396 9091
28972533 9091
28986761 9091
29000936 9091
29013025 9091
29026986 9091
29041295 9091
29054610 9091
29068867 9091
29082898 9091
29099466 9091
29113600 9091
29124521 9091
29138487 9091
29151554 9091
29165892 9091
29179135 9091
29193821 9091
29207823 9091
29221450 9091
29235526 9091
29249876 9091
29263857 9091
29275754 9091
29289920 9091
29302976 9091
29316176 9091
29330341 9091
29343968 9091
29357202 9091
29371333 9091
29384512 9091
29397833 9091
29411414 9091
29425448 9091
29436584 9091
29449769 9091
29463670 9091
29477215 9091
29490250 9091
29502436 9091
29513593 9091
29525059 9091
29539518 9091
29554666 9091
29567569 9091
29580674 9091
29594562 9091
29608495 9091
29619941 9091
29631834 9091
29643138 9091
29657527 9091
29671552 9091
29684405 9091
29695854 9091
29708039 9091
29720831 9091
29735509 9091
29750484 9091
29764860 9091
29778841 9091
29793307 9091
29805340 9091
29818960 9091
29832696 9091
29846392 9091
29857602 9091
29869709 9091
29880807 9091
29894931 9091
29908918 9091
29919764 9091
29931515 9091
29945038 9091
29957036 9091
29969114 9091
29982990 9091
29996198 9091
30010125 9091
30023382 9091
30037044 9091
30048894 9091
30062538 9091
30073559 9091
30084482 9091
30095832 9091
30106944 9091
30120092 9091
30133236 9091
30145065 9091
30159156 9091
30172225 9091
30185973 9091
30196919 9091
30207756 9091
30218562 9091
30229387 9091
30240841 9091
30252200 9091
30262996 9091
30276535 9091
30289015 9091
30302339 9091
30315646 9091
30329303 9091
30340254 9091
30352395 9091
30364370 9091
30378256 9091
30389426 9091
30403143 9091
30416530 9091
30427820 9091
30438798 9091
30450545 9091
30462029 9091
30476374 9091
30490533 9091
30504434 9091
30515489 9091
30529225 9091
30541337 9091
30554698 9091
30568344 9091
30581840 9091
30594718 9091
30608812 9091
30620516 9091
30634850 9091
30648891 9091
30663132 9091
30675836 9091
30688997 9091
30702759 9091
30713718 9091
30727984 9091
30741448 9091
30755452 9091
30766627 9091
30778268 9091
30791607 9091
30804774 9091
30818262 9091
30832353 9091
30844322 9091
30857936 9091
30870938 9091
30884478 9091
30898587 9091
30912766 9091
30926162 9091
30940347 9091
30954115 9091
30968140 9091
30982857 9091
30993734 9091
31005599 9091
31017804 9091
31031841 9091
31043101 9091
31056605 9091
31069722 9091
31080698 9091
31092818 9091
31105725 9091
31119811 9091
31130872 9091
31143940 9091
31157591 9091
31169286 9091
31183231 9091
31196369 9091
31207748 9091
31221026 9091
31233641 9091
31247328 9091
31260724 9091
31272817 9091
31286765 9091
31297882 9091
31310024 9091
31324882 9091
31337773 9091
31348878 9091
31362639 9091
31374074 9091
31386068 9091
31397837 9091
31408888 9091
31422732 9091
31433738 9091
31446607 9091
31459622 9091
31470498 9091
31484823 9091
31498356 9091
31509624 9091
31523173 9091
31535780 9091
31548882 9091
31560160 9091
31573668 9091
31584565 9091
31597425 9091
31611004 9091
31622453 9091
31636563 9091
31647714 9091
31660841 9091
31674392 9091
31688346 9091
31701339 9091
31715508 9091
31729561 9091
31744004 9091
31757563 9091
31770400 9091
31781446 9091
31793207 9091
31807216 9091
31820191 9091
31831433 9091
31844830 9091
31855945 9091
31870449 9091
31883969 9091
31898330 9091
31912418 9091
31926859 9091
31941309 9091
31955335 9091
31969563 9091
31983436 9091
31997045 9091
32011115 9091
32025242 9091
32038022 9091
32051342 9091
32065720 9091
32077309 9091
32089176 9091
32105074 9091
32119376 9091
32132040 9091
32143186 9091
32156678 9091
32167823 9091
32181703 9091
32195319 9091
32209279 9091
32222528 9091
32236782 9091
32250556 9091
32264717 9091
32276594 9091
32290685 9091
32303010 9091
32316575 9091
32330021 9091
32343190 9091
32357378 9091
32370923 9091
32385302 9091
32399630 9091
32413382 9091
32426949 9091
32440918 9091
32454266 9091
32467996 9091
32481396 9091
32495381 9091
32510566 9091
32521750 9091
32533871 9091
32547400 9091
32558543 9091
32570740 9091
32582999 9091
32596150 9091
32609750 9091
32623317 9091
32637229 9091
32650575 9091
32663660 9091
32677893 9091
32694780 9091
32705752 9091
32719896 9091
32734026 9091
32748516 9091
32762913 9091
32778021 9091
32791236 9091
32805094 9091
32818312 9091
32832579 9091
32846516 9091
32858021 9091
32870944 9091
32882816 9091
32896357 9091
32909645 9091
32922631 9091
32935618 9091
32947035 9091
32958725 9091
32969626 9091
32983190 9091
32994834 9091
33006232 9091
33019942 9091
33033370 9091
33046059 9091
33059241 9091
33072519 9091
33086445 9091
33099209 9091
33110383 9091
33124217 9091
33138047 9091
33148993 9091
33162375 9091
33177549 9091
33188922 9091
33202512 9091
33214074 9091
33227619 9091
33238983 9091
33252906 9091
33266031 9091
33280873 9091
33294003 9091
33307944 9091
33319413 9091
33330612 9091
33341729 9091
33355235 9091
33366373 9091
33379737 9091
33392537 9091
33406148 9091
33419930 9091
33434132 9091
33448366 9091
33462376 9091
33476817 9091
33488004 9091
33501963 9091
33518647 9091
33531810 9091
33545280 9091
33559317 9091
33573372 9091
33587595 9091
33600724 9091
33614466 9091
33626258 9091
33642192 9091
33653941 9091
33667729 9091
33678813 9091
33693118 9091
33705863 9091
33716992 9091
33731186 9091
33744191 9091
33756455 9091
33769653 9091
33783818 9091
33797196 9091
33808750 9091
33821893 9091
33835441 9091
33849280 9091
33860692 9091
33873031 9091
33886756 9091
33900774 9091
33912544 9091
33924416 9091
33938179 9091
33949177 9091
33960770 9091
33974311 9091
33985287 9091
33997994 9091
34009413 9091
34022544 9091
34037371 9091
34051164 9091
34064664 9091
34079297 9091
34093165 9091
34107257 9091
34121702 9091
34133745 9091
34146454 9091
34157730 9091
34171985 9091
34185333 9091
34199497 9091
34210995 9091
34225588 9091
34239096 9091
34253172 9091
34264845 9091
34275708 9091
34289431 9091
34302515 9091
34317246 9091
34328959 9091
34342167 9091
34356016 9091
34367273 9091
34381113 9091
34392573 9091
34406322 9091
34420390 9091
34431742 9091
34445637 9091
34459349 9091
34470460 9091
34484092 9091
34498099 9091
34512462 9091
34526066 9091
34540233 9091
34554220 9091
34568418 9091
34582706 9091
34596842 9091
34609785 9091
34622599 9091
34635921 9091
34652420 9091
34664205 9091
34675476 9091
34689475 9091
34703550 9091
34715676 9091
34728459 9091
34742370 9091
34758794 9091
34769769 9091
34784818 9091
34798655 9091
34812994 9091
34825833 9091
34841047 9091
34854645 9091
34868471 9091
34882794 9091
34896925 9091
34911232 9091
34927409 9091
34938462 9091
34949590 9091
34962250 9091
34975282 9091
34989049 9091
35001950 9091
35013359 9091
35027227 9091
35039112 9091
35053060 9091
35066804 9091
35078203 9091
35089411 9091
35102123 9091
35115937 9091
35129713 9091
35143201 9091
35156172 9091
35170091 9091
35182982 9091
35194104 9091
35205190 9091
35216165 9091
35227226 9091
35239027 9091
35253124 9091
35268944 9091
35282754 9091
35293878 9091
35308209 9091
35322065 9091
35336115 9091
35350073 9091
35364222 9091
35378632 9091
35392860 9091
35407444 9091
35421583 9091
35435694 9091
35448429 9091
35463235 9091
35478173 9091
35492779 9091
35509384 9091
35524505 9091
35537516 9091
35549134 9091
35560989 9091
35574962 9091
35588996 9091
35602922 9091
35617058 9091
35630165 9091
35642782 9091
35654687 9091
35667808 9091
35681886 9091
35693189 9091
35706775 9091
35718660 9091
35729788 9091
35741697 9091
35753520 9091
35764608 9091
35776914 9091
35788168 9091
35801864 9091
35814515 9091
35827763 9091
35839079 9091
35853161 9091
35864042 9091
35877061 9091
35890768 9091
35903016 9091
35914167 9091
35925614 9091
35937606 9091
35948875 9091
35962555 9091
35977543 9091
35991072 9091
36005075 9091
36016072 9091
36027502 9091
36041306 9091
36055159 9091
36069086 9091
36083329 9091
36099085 9091
36112344 9091
36126457 9091
36138262 9091
36152460 9091
36164488 9091
36179316 9091
36195180 9091
36207841 9091
36219999 9091
36231935 9091
36246602 9091
36259027 9091
36272149 9091
36285786 9091
36299684 9091
36314742 9091
36327478 9091
36338556 9091
36351753 9091
36363380 9091
36377509 9091
36390153 9091
36405573 9091
36419394 9091
36433595 9091
36447465 9091
36460587 9091
36474830 9091
36489008 9091
36502828 9091
36516713 9091
36530162 9091
36544190 9091
36557656 9091
36571101 9091
36584136 9091
36598757 9091
36612863 9091
36626495 9091
36637939 9091
36649311 9091
36663803 9091
36678527 9091
36693180 9091
36707370 9091
36720811 9091
36733967 9091
36748910 9091
36763088 9091
36776150 9091
36787774 9091
36802061 9091
36813422 9091
36828271 9091
36842819 9091
36856589 9091
36867630 9091
36881580 9091
36895699 9091
36909541 9091
36923043 9091
36936113 9091
36949979 9091
36964688 9091
36978945 9091
36993370 9091
37004574 9091
37017796 9091
37031407 9091
37045094 9091
37059095 9091
37075414 9091
37089646 9091
37102540 9091
37114400 9091
37127561 9091
37141355 9091
37154502 9091
37168749 9091
37179732 9091
37192895 9091
37206363 9091
37220458 9091
37237784 9091
37252897 9091
37267133 9091
37281263 9091
37294210 9091
37308746 9091
37322886 9091
37336081 9091
37347971 9091
37358963 9091
37372201 9091
37386017 9091
37396948 9091
37411443 9091
37425756 9091
37439392 9091
37452548 9091
37464472 9091
37478109 9091
37493421 9091
37507964 9091
37524170 9091
37538197 9091
37551833 9091
37565096 9091
37579199 9091
37592381 9091
37605160 9091
37618997 9091
37635076 9091
37649081 9091
37660300 9091
37674448 9091
37689029 9091
37702596 9091
37714160 9091
37728027 9091
37740318 9091
37753792 9091
37765825 9091
37776851 9091
37791266 9091
37805519 9091
37818927 9091
37833686 9091
37847610 9091
37859061 9091
37871925 9091
37886148 9091
37899881 9091
37915587 9091
37926775 9091
37940929 9091
37952703 9091
37965629 9091
37978915 9091
37990737 9091
38004653 9091
38016542 9091
38030306 9091
38043927 9091
38058158 9091
38072159 9091
38083690 9091
38095276 9091
38109014 9091
38122108 9091
38136134 9091
38150195 9091
38163880 9091
38177652 9091
38191569 9091
38203593 9091
38214520 9091
38226800 9091
38240725 9091
38254255 9091
38268048 9091
38282124 9091
38293210 9091
38306870 9091
38318367 9091
38329960 9091
38344114 9091
38357822 9091
38371971 9091
38383026 9091
38396669 9091
38408164 9091
38419574 9091
38431152 9091
38444504 9091
38455889 9091
38469572 9091
38484225 9091
38497746 9091
38511498 9091
38524355 9091
38538233 9091
38552435 9091
38566672 9091
38580427 9091
38591868 9091
38605841 9091
38619590 9091
38634222 9091
38645063 9091
38658687 9091
38669634 9091
38683350 9091
38697468 9091
38711276 9091
38724121 9091
38740229 9091
38754770 9091
38765761 9091
38779359 9091
38791178 9091
38805200 9091
38816404 9091
38830507 9091
38846215 9091
38860717 9091
38875155 9091
38888498 9091
38899909 9091
38910805 9091
38924605 9091
38940533 9091
38952272 9091
38968116 9091
38979989 9091
38993223 9091
39007025 9091
39021009 9091
39035238 9091
39048715 9091
39061303 9091
39074230 9091
39086336 9091
39100991 9091
39114889 9091
39126489 9091
39140531 9091
39152724 9091
39165794 9091
39179801 9091
39190825 9091
39204428 9091
39218302 9091
39229555 9091
39243630 9091
39257745 9091
39269418 9091
39282594 9091
39296388 9091
39310280 9091
39324382 9091
39338387 9091
39351181 9091
39362139 9091
39373747 9091
39386801 9091
39400515 9091
39412261 9091
39426768 9091
39440551 9091
39451746 9091
39462749 9091
39476562 9091
39490528 9091
39504329 9091
39519056 9091
39532255 9091
39546526 9091
39560518 9091
39574596 9091
39585582 9091
39600302 9091
39614584 9091
39628635 9091
39641430 9091
39654804 9091
39666735 9091
39680243 9091
39694142 9091
39708021 9091
39721582 9091
39733038 9091
39747210 9091
39759685 9091
39773960 9091
39785114 9091
39797081 9091
39809862 9091
39822831 9091
39837062 9091
39850229 9091
39864236 9091
39875222 9091
39886087 9091
39897110 9091
39908155 9091
39921434 9091
39932428 9091
39946227 9091
39960361 9091
39974404 9091
39986913 9091
40001092 9091
40014567 9091
40025624 9091
40038970 9091
40050282 9091
40064429 9091
40078737 9091
40091741 9091
40103871 9091
40115323 9091
40126861 9091
40140642 9091
40154789 9091
40166241 9091
40177713 9091
40191648 9091
40204838 9091
40216166 9091
40230374 9091
40244601 9091
40258094 9091
40272454 9091
40286434 9091
40300519 9091
40313392 9091
40327716 9091
40341578 9091
40355677 9091
40371178 9091
40385857 9091
40399508 9091
40413492 9091
40427879 9091
40442768 9091
40456712 9091
40470199 9091
40484249 9091
40496901 9091
40510838 9091
40525697 9091
40537152 9091
40551069 9091
40563939 9091
40577315 9091
40591159 9091
40605469 9091
40620257 9091
40631313 9091
40644984 9091
40658232 9091
40670789 9091
40684674 9091
40698740 9091
40710657 9091
40724539 9091
40738593 9091
40749665 9091
40763178 9091
40776463 9091
40787480 9091
40801369 9091
40815917 9091
40829551 9091
40843291 9091
40855063 9091
40866245 9091
40881556 9091
40894439 9091
40907853 9091
40921312 9091
40935450 9091
40949065 9091
40960056 9091
40973587 9091
40986107 9091
40999435 9091
41011384 9091
41024607 9091
41038452 9091
41051692 9091
41062780 9091
41075130 9091
41086306 9091
41098046 9091
41111887 9091
41125863 9091
41139551 9091
41153210 9091
41167462 9091
41180551 9091
41194541 9091
41208500 9091
41222446 9091
41233526 9091
41245810 9091
41258860 9091
41272711 9091
41286653 9091
41300856 9091
41314599 9091
41325797 9091
41340228 9091
41354123 9091
41368367 9091
41381274 9091
41393396 9091
41407608 9091
41420564 9091
41434658 9091
41448520 9091
41462977 9091
41473982 9091
41486572 9091
41500028 9091
41511024 9091
41524616 9091
41539523 9091
41550937 9091
41562888 9091
41576315 9091
41591396 9091
41605100 9091
41618909 9091
41631811 9091
41645198 9091
41660564 9091
41674433 9091
41687631 9091
41701275 9091
41713898 9091
41726118 9091
41740218 9091
41753168 9091
41767643 9091
41782592 9091
41796168 9091
41809208 9091
41822853 9091
41836987 9091
41849209 9091
41860868 9091
41874659 9091
41888244 9091
41899149 9091
41911888 9091
41923905 9091
41936470 9091
41950715 9091
41964704 9091
41978731 9091
41992703 9091
42006628 9091
42020639 9091
42034909 9091
42049146 9091
42063347 9091
42078177 9091
42092068 9091
42105435 9091
42119369 9091
42131545 9091
42144652 9091
42156325 9091
42170361 9091
42184370 9091
42195413 9091
42206489 9091
42217400 9091
42229290 9091
42242500 9091
42254561 9091
42266792 9091
42280438 9091
42294233 9091
42309300 9091
42323156 9091
42335013 9091
42346164 9091
42358681 9091
42372721 9091
42386505 9091
42400163 9091
42414136 9091
42425213 9091
42439583 9091
42455097 9091
42468941 9091
42484868 9091
42498277 9091
42509481 9091
42522658 9091
42536830 9091
42548676 9091
42561750 9091
42575795 9091
42589830 9091
42603689 9091
42618297 9091
42631819 9091
42645804 9091
42659580 9091
42674181 9091
42688537 9091
42705338 9091
42716736 9091
42730743 9091
42744838 9091
42758716 9091
42770349 9091
42781929 9091
42796478 9091
42810078 9091
42823720 9091
42837732 9091
42850388 9091
42864435 9091
42877849 9091
42889025 9091
42903042 9091
42917937 9091
42931705 9091
42945617 9091
42957246 9091
42971213 9091
42985912 9091
42999162 9091
43012730 9091
43024328 9091
43035571 9091
43047271 9091
43058301 9091
43072834 9091
43086618 9091
43099846 9091
43113302 9091
43124781 9091
43137574 9091
43151516 9091
43163984 9091
43175543 9091
43189612 9091
43203985 9091
43218496 9091
43229687 9091
43243580 9091
43257555 9091
43271233 9091
43284783 9091
43297558 9091
43310610 9091
43324647 9091
43340257 9091
43353997 9091
43368353 9091
43382311 9091
43396123 9091
43407472 9091
43420742 9091
43433725 9091
43447249 9091
43461671 9091
43474765 9091
43489205 9091
43503603 9091
43517031 9091
43528428 9091
43542680 9091
43556663 9091
43569406 9091
43582798 9091
43596931 9091
43609412 9091
43623630 9091
43637927 9091
43654358 9091
43667938 9091
43681825 9091
43693247 9091
43707012 9091
43719622 9091
43733755 9091
43748186 9091
43762278 9091
43774819 9091
43788526 9091
43802285 9091
43815181 9091
43829313 9091
43840484 9091
43851503 9091
43865984 9091
43878792 9091
43892356 9091
43906475 9091
43920507 9091
43933286 9091
43944390 9091
43958309 9091
43969637 9091
43984337 9091
43995254 9091
44008105 9091
44021861 9091
44034952 9091
44046027 9091
44056945 9091
44070956 9091
44086523 9091
44097941 9091
44109781 9091
44123516 9091
44135100 9091
44147587 9091
44159894 9091
44171621 9091
44182843 9091
44196819 9091
44209705 9091
44220998 9091
44234982 9091
44248535 9091
44262341 9091
44276171 9091
44287324 9091
44298703 9091
44311305 9091
44325315 9091
44336309 9091
44350272 9091
44363970 9091
44377762 9091
44393612 9091
44407872 9091
44421978 9091
44436561 9091
44447548 9091
44459102 9091
44471864 9091
44485193 9091
44499352 9091
44513200 9091
44525026 9091
44539179 9091
44552792 9091
44566216 9091
44580198 9091
44594350 9091
44608999 9091
44623231 9091
44637399 9091
44648604 9091
44663348 9091
44676365 9091
44687370 9091
44700714 9091
44714735 9091
44728875 9091
44742776 9091
44756749 9091
44768654 9091
44782621 9091
44794227 9091
44805704 9091
44817774 9091
44833288 9091
44847340 9091
44861482 9091
44873699 9091
44887573 9091
44901719 9091
44916187 9091
44931590 9091
44945896 9091
44960389 9091
44971549 9091
44984209 9091
44997926 9091
45011062 9091
45025390 9091
45039790 9091
45053576 9091
45069999 9091
45083542 9091
45097644 9091
45111809 9091
45124940 9091
45138727 9091
45152943 9091
45164275 9091
45176231 9091
45190350 9091
45204877 9091
45218866 9091
45231906 9091
45246366 9091
45258966 9091
45271670 9091
45285182 9091
45298289 9091
45311547 9091
45323627 9091
45337158 9091
45350678 9091
45362228 9091
45375638 9091
45392255 9091
45406188 9091
45420817 9091
45435142 9091
45448761 9091
45460362 9091
45473163 9091
45486830 9091
45500763 9091
45515895 9091
45526822 9091
45538301 9091
45549226 9091
45562729 9091
45574545 9091
45587823 9091
45599283 9091
45612257 9091
45625962 9091
45639514 9091
45653545 9091
45667354 9091
45680787 9091
45692088 9091
45704977 9091
45716601 9091
45727847 9091
45741711 9091
45755244 9091
45766768 9091
45779873 9091
45792972 9091
45806521 9091
45817633 9091
45828633 9091
45840084 9091
45853079 9091
45867390 9091
45881867 9091
45895798 9091
45909860 9091
45923550 9091
45938037 9091
45949389 9091
45960725 9091
45974835 9091
45987239 9091
46000384 9091
46014600 9091
46028312 9091
46043965 9091
46056474 9091
46070286 9091
46084198 9091
46098083 9091
46112420 9091
46127138 9091
46141349 9091
46152301 9091
46166371 9091
46182418 9091
46196171 9091
46210846 9091
46224468 9091
46235677 9091
46250009 9091
46264485 9091
46278765 9091
46291970 9091
46307922 9091
46318756 9091
46332591 9091
46346367 9091
46360529 9091
46375055 9091
46389336 9091
46400266 9091
46415444 9091
46427122 9091
46441181 9091
46454963 9091
46468747 9091
46481648 9091
46495024 9091
46506061 9091
46519602 9091
46533728 9091
46547153 9091
46560808 9091
46574184 9091
46585139 9091
46596497 9091
46610407 9091
46624304 9091
46638384 9091
46649981 9091
46661583 9091
46673548 9091
46684648 9091
46696868 9091
46710749 9091
46724410 9091
46735410 9091
46746468 9091
46758970 9091
46773072 9091
46788446 9091
46802403 9091
46818066 9091
46829328 9091
46840528 9091
46853798 9091
46867833 9091
46878716 9091
46892445 9091
46904289 9091
46918533 9091
46932742 9091
46946175 9091
46960177 9091
46973836 9091
46989746 9091
47003940 9091
47020401 9091
47033865 9091
47045916 9091
47062913 9091
47077018 9091
47091457 9091
47104333 9091
47118338 9091
47132240 9091
47147867 9091
47161557 9091
47176105 9091
47189514 9091
47204035 9091
47217193 9091
47232090 9091
47246168 9091
47258672 9091
47271122 9091
47284187 9091
47295057 9091
47309041 9091
47323298 9091
47336335 9091
47349160 9091
47359992 9091
47373799 9091
47385559 9091
47400325 9091
47413612 9091
47427724 9091
47440192 9091
47451093 9091
47462074 9091
47475385 9091
47489208 9091
47503215 9091
47517419 9091
47534073 9091
47548089 9091
47562288 9091
47573213 9091
47584304 9091
47598223 9091
47609036 9091
47622999 9091
47634362 9091
47647851 9091
47659069 9091
47670118 9091
47683677 9091
47696879 9091
47708347 9091
47721874 9091
47735537 9091
47747592 9091
47761323 9091
47775418 9091
47786431 9091
47799731 9091
47814757 9091
47828276 9091
47842290 9091
47856067 9091
47870621 9091
47881675 9091
47893274 9091
47905236 9091
47916706 9091
47930046 9091
47944903 9091
47958310 9091
47972104 9091
47984114 9091
47997479 9091
48011794 9091
48025841 9091
48037696 9091
48050708 9091
48064716 9091
48076395 9091
48088361 9091
48102515 9091
48117827 9091
48131230 9091
48144779 9091
48158581 9091
48171115 9091
48182103 9091
48195679 9091
48210208 9091
48224696 9091
48238816 9091
48252673 9091
48264445 9091
48275341 9091
48288117 9091
48301763 9091
48317270 9091
48330683 9091
48344687 9091
48358043 9091
48369475 9091
48380816 9091
48392691 9091
48406050 9091
48422092 9091
48433859 9091
48445351 9091
48456780 9091
48469417 9091
48480650 9091
48492373 9091
48506423 9091
48517616 9091
48533499 9091
48544727 9091
48556820 9091
48570038 9091
48583812 9091
48597335 9091
48608252 9091
48619750 9091
48633501 9091
48645935 9091
48658832 9091
48672745 9091
48686775 9091
48698244 9091
48710680 9091
48721912 9091
48736245 9091
48749912 9091
48763996 9091
48777633 9091
48791005 9091
48804868 9091
48819093 9091
48831995 9091
48845710 9091
48857725 9091
48869045 9091
48882202 9091
48895079 9091
48909009 9091
48922746 9091
48935991 9091
48949310 9091
48963543 9091
48977243 9091
48990978 9091
49003253 9091
49017350 9091
49031091 9091
49046304 9091
49061090 9091
49072602 9091
49083831 9091
49097703 9091
49111368 9091
49124873 9091
49138988 9091
49152072 9091
49165386 9091
49176362 9091
49188062 9091
49201428 9091
49213644 9091
49227784 9091
49240553 9091
49254626 9091
49268979 9091
49283306 9091
49294856 9091
49308931 9091
49319814 9091
49332594 9091
49347913 9091
49360835 9091
49374374 9091
49385379 9091
49397230 9091
49408353 9091
49421674 9091
49433140 9091
49446918 9091
49460013 9091
49473663 9091
49485494 9091
49500378 9091
49513676 9091
49525569 9091
49539392 9091
49552200 9091
49566762 9091
49583252 9091
49598194 9091
49614044 9091
49628815 9091
49641795 9091
49652821 9091
49666820 9091
49680831 9091
49693866 9091
49707649 9091
49718995 9091
49732368 9091
49745263 9091
49756125 9091
49769944 9091
49783271 9091
49797363 9091
49810526 9091
49824365 9091
49838711 9091
49855311 9091
49867097 9091
49880747 9091
49891801 9091
49902772 9091
49915672 9091
49927023 9091
49942840 9091
49957796 9091
49971771 9091
49987054 9091
50000961 9091
50014564 9091
50028416 9091
50042099 9091
50056184 9091
50068279 9091
50080485 9091
50091364 9091
50106799 9091
50121296 9091
50135022 9091
50149420 9091
50161438 9091
50175374 9091
50188721 9091
50202910 9091
50216609 9091
50228120 9091
50241049 9091
50252272 9091
50265256 9091
50279223 9091
50292274 9091
50306165 9091
50318059 9091
50331931 9091
50346943 9091
50358895 9091
50371805 9091
50382879 9091
50396946 9091
50411096 9091
50424779 9091
50439273 9091
50453287 9091
50465886 9091
50480005 9091
50493952 9091
50505936 9091
50519001 9091
50529907 9091
50541397 9091
50554437 9091
50565579 9091
50579541 9091
50592948 9091
50606520 9091
50619060 9091
50630809 9091
50641609 9091
50655320 9091
50666734 9091
50680131 9091
50691564 9091
50705778 9091
50720435 9091
50734075 9091
50747707 9091
50760892 9091
50772593 9091
50786257 9091
50799703 9091
50813488 9091
50826642 9091
50837962 9091
50850985 9091
50864744 9091
50878661 9091
50892680 9091
50903809 9091
50918063 9091
50932662 9091
50946341 9091
50957214 9091
50969077 9091
50982856 9091
50993706 9091
51007064 9091
51020119 9091
51033564 9091
51049628 9091
51064296 9091
51075982 9091
51088858 9091
51102579 9091
51116333 9091
51129668 9091
51143036 9091
51155021 9091
51167886 9091
51181043 9091
51192919 9091
51207212 9091
51220522 9091
51234765 9091
51249468 9091
51263780 9091
51274720 9091
51288911 9091
51302416 9091
51315951 9091
51330007 9091
51343345 9091
51356845 9091
51368384 9091
51382405 9091
51399985 9091
51413956 9091
51428045 9091
51442988 9091
51456824 9091
51470207 9091
51483611 9091
51494688 9091
51508611 9091
51523070 9091
51537973 9091
51549720 9091
51561634 9091
51573661 9091
51584882 9091
51596079 9091
51610207 9091
51624122 9091
51638271 9091
51652305 9091
51666039 9091
51676974 9091
51690266 9091
51704512 9091
51717829 9091
51728818 9091
51742902 9091
51754083 9091
51765073 9091
51777891 9091
51789936 9091
51803698 9091
51818061 9091
51830826 9091
51844264 9091
51857517 9091
51873361 9091
51885330 9091
51897472 9091
51908587 9091
51921912 9091
51935738 9091
51947502 9091
51958545 9091
51971355 9091
51984911 9091
51998358 9091
52010621 9091
52021850 9091
52034906 9091
52049014 9091
52061727 9091
52073773 9091
52086868 9091
52100677 9091
52113711 9091
52127444 9091
52141624 9091
52154665 9091
52168279 9091
52182285 9091
52195940 9091
52210964 9091
52225612 9091
52237078 9091
52251200 9091
52265527 9091
52278918 9091
52294245 9091
52305251 9091
52317868 9091
52329912 9091
52344145 9091
52355682 9091
52369823 9091
52383619 9091
52396665 9091
52410294 9091
52422149 9091
52433967 9091
52448683 9091
52461580 9091
52475996 9091
52491553 9091
52505581 9091
52519251 9091
52533158 9091
52547199 9091
52561288 9091
52576106 9091
52590211 9091
52604928 9091
52619569 9091
52633493 9091
52644299 9091
52655588 9091
52666576 9091
52677984 9091
52692129 9091
52706486 9091
52717297 9091
52731381 9091
52744212 9091
52757500 9091
52771103 9091
52784337 9091
52798664 9091
52812587 9091
52826653 9091
52840359 9091
52854519 9091
52869075 9091
52883544 9091
52897273 9091
52909029 9091
52920461 9091
52931570 9091
52942674 9091
52955738 9091
52969257 9091
52983293 9091
52994317 9091
53009642 9091
53024045 9091
53036212 9091
53052537 9091
53066596 9091
53082354 9091
53096898 9091
53110809 9091
53123309 9091
53136673 9091
53148586 9091
53159583 9091
53173320 9091
53187204 9091
53201352 9091
53215456 9091
53229822 9091
53242657 9091
53256338 9091
53270016 9091
53284027 9091
53297516 9091
53311086 9091
53324970 9091
53338432 9091
53352387 9091
53364066 9091
53378374 9091
53392170 9091
53408180 9091
53424085 9091
53440132 9091
53453573 9091
53465729 9091
53478965 9091
53493337 9091
53507234 9091
53523507 9091
53536820 9091
53552851 9091
53568704 9091
53581256 9091
53595022 9091
53609440 9091
53622672 9091
53637588 9091
53651180 9091
53665464 9091
53677203 9091
53690113 9091
53702463 9091
53716244 9091
53730433 9091
53741615 9091
53754958 9091
53768361 9091
53782306 9091
53796357 9091
53809524 9091
53825157 9091
53839698 9091
53853315 9091
53867444 9091
53878614 9091
53892989 9091
53906982 9091
53919992 9091
53934003 9091
53947982 9091
53960731 9091
53971672 9091
53985699 9091
54001641 9091
54014440 9091
54028211 9091
54043821 9091
54055032 9091
54068823 9091
54080171 9091
54091111 9091
54105455 9091
54120103 9091
54134189 9091
54145622 9091
54158688 9091
54172944 9091
54186469 9091
54200003 9091
54213830 9091
54226989 9091
54241077 9091
54254597 9091
54265801 9091
54279590 9091
54293619 9091
54307186 9091
54319431 9091
54332946 9091
54346840 9091
54360776 9091
54374643 9091
54385748 9091
54399857 9091
54413438 9091
54426752 9091
54437880 9091
54451943 9091
54465442 9091
54476744 9091
54487737 9091
54501321 9091
54515324 9091
54528043 9091
54539719 9091
54553447 9091
54565800 9091
54579536 9091
54592431 9091
54606925 9091
54620240 9091
54631314 9091
54642806 9091
54657654 9091
54674374 9091
54686721 9091
54698232 9091
54711553 9091
54724755 9091
54735720 9091
54747164 9091
54763333 9091
54777094 9091
54791092 9091
54805633 9091
54819609 9091
54832324 9091
54846129 9091
54858361 9091
54871670 9091
54885619 9091
54896729 9091
54909643 9091
54923524 9091
54936549 9091
54949709 9091
54962504 9091
54976791 9091
54988244 9091
55002373 9091
55013918 9091
55029108 9091
55040709 9091
55054331 9091
55067844 9091
55082106 9091
55094258 9091
55108085 9091
55121909 9091
55136058 9091
55149766 9091
55160820 9091
55174386 9091
55187421 9091
55201445 9091
55214268 9091
55227960 9091
55239578 9091
55252535 9091
55265218 9091
55278254 9091
55292496 9091
55306475 9091
55317695 9091
55332040 9091
55345803 9091
55359379 9091
55370354 9091
55383796 9091
55398336 9091
55412218 9091
55424529 9091
55436165 9091
55450168 9091
55463753 9091
55475322 9091
55489575 9091
55502841 9091
55516949 9091
55528012 9091
55542466 9091
55556162 9091
55567936 9091
55581958 9091
55595834 9091
55606850 9091
55618960 9091
55629973 9091
55644540 9091
55659352 9091
55672464 9091
55686737 9091
55697770 9091
55711481 9091
55722629 9091
55735149 9091
55749011 9091
55764132 9091
55777907 9091
55789368 9091
55803115 9091
55814376 9091
55828120 9091
55842548 9091
55857361 9091
55871730 9091
55885791 9091
55899907 9091
55913239 9091
55926441 9091
55940151 9091
55954715 9091
55966993 9091
55979877 9091
55995782 9091
56007647 9091
56018918 9091
56033333 9091
56047364 9091
56059214 9091
56073134 9091
56088433 9091
56104060 9091
56119744 9091
56134827 9091
56149420 9091
56163123 9091
56176277 9091
56191732 9091
56205447 9091
56218514 9091
56229846 9091
56242071 9091
56253885 9091
56265458 9091
56277692 9091
56291823 9091
56306194 9091
56319959 9091
56333976 9091
56348161 9091
56361975 9091
56374099 9091
56385675 9091
56400272 9091
56413895 9091
56427926 9091
56442072 9091
56456068 9091
56467818 9091
56480224 9091
56493533 9091
56508285 9091
56521568 9091
56535422 9091
56548350 9091
56560071 9091
56571007 9091
56583053 9091
56596833 9091
56611019 9091
56624309 9091
56638381 9091
56651181 9091
56664403 9091
56677983 9091
56689034 9091
56700603 9091
56712750 9091
56726242 9091
56739572 9091
56752549 9091
56764899 9091
56777424 9091
56791038 9091
56802780 9091
56815953 9091
56827413 9091
56839631 9091
56852604 9091
56867201 9091
56880703 9091
56894373 9091
56905305 9091
56919068 9091
56932515 9091
56943637 9091
56957119 9091
56968136 9091
56979060 9091
56992367 9091
57003376 9091
57017594 9091
57031719 9091
57046188 9091
57060097 9091
57072992 9091
57087681 9091
57101629 9091
57114317 9091
57128613 9091
57141499 9091
57152309 9091
57167015 9091
57179393 9091
57190644 9091
57201595 9091
57215665 9091
57229993 9091
57245361 9091
57258160 9091
57269030 9091
57283081 9091
57294959 9091
57307997 9091
57319618 9091
57331264 9091
57345273 9091
57359356 9091
57372761 9091
57386369 9091
57400888 9091
57414787 9091
57426263 9091
57440552 9091
57454753 9091
57465644 9091
57479461 9091
57492635 9091
57506683 9091
57520276 9091
57531197 9091
57543461 9091
57554418 9091
57565409 9091
57576952 9091
57588006 9091
57601520 9091
57614672 9091
57627982 9091
57643239 9091
57657855 9091
57670924 9091
57683329 9091
57697253 9091
57711752 9091
57725670 9091
57739032 9091
57754350 9091
57766112 9091
57779406 9091
57793421 9091
57806861 9091
57822581 9091
57836997 9091
57851953 9091
57863376 9091
57876833 9091
57890604 9091
57904119 9091
57918535 9091
57932568 9091
57944691 9091
57959242 9091
57975041 9091
57989118 9091
58003333 9091
58017366 9091
58028730 9091
58039668 9091
58052844 9091
58068214 9091
58082634 9091
58094561 9091
58106098 9091
58117598 9091
58130764 9091
58145069 9091
58158859 9091
58170394 9091
58184228 9091
58198226 9091
58211544 9091
58224905 9091
58241279 9091
58255079 9091
58270127 9091
58281890 9091
58295579 9091
58309030 9091
58322900 9091
58333805 9091
58347842 9091
58361378 9091
58376673 9091
58387487 9091
58398946 9091
58412813 9091
58424816 9091
58438350 9091
58451714 9091
58465572 9091
58476513 9091
58488490 9091
58504037 9091
58517623 9091
58532371 9091
58544178 9091
58556929 9091
58570786 9091
58581862 9091
58595261 9091
58609306 9091
58622106 9091
58635892 9091
58649702 9091
58660999 9091
58672097 9091
58685569 9091
58699345 9091
58711217 9091
58724737 9091
58737452 9091
58750275 9091
58763900 9091
58775042 9091
58789283 9091
58800133 9091
58813747 9091
58824837 9091
58835855 9091
58847535 9091
58858631 9091
58869692 9091
58880653 9091
58894188 9091
58908272 9091
58922397 9091
58938225 9091
58952512 9091
58966415 9091
58979592 9091
58991352 9091
59005136 9091
59018896 9091
59032176 9091
59046022 9091
59060552 9091
59076833 9091
59091523 9091
59104276 9091
59115554 9091
59127080 9091
59141316 9091
59154989 9091
59170008 9091
59183310 9091
59197291 9091
59210914 9091
59223048 9091
59234856 9091
59248019 9091
59260317 9091
59274309 9091
59285257 9091
59296662 9091
59310505 9091
59323587 9091
59337795 9091
59353722 9091
59367459 9091
59378430 9091
59391952 9091
59406144 9091
59419356 9091
59433270 9091
59447327 9091
59458837 9091
59472730 9091
59488638 9091
59502533 9091
59516776 9091
59530600 9091
59544519 9091
59558511 9091
59574559 9091
59588817 9091
59603729 9091
59615986 9091
59629837 9091
59641797 9091
59652819 9091
59663810 9091
59676872 9091
59690406 9091
59702866 9091
59716248 9091
59730280 9091
59744523 9091
59758684 9091
59773074 9091
59785587 9091
59800964 9091
59814697 9091
59828580 9091
59842325 9091
59855925 9091
59867658 9091
59881775 9091
59893203 9091
59906879 9091
59920783 9091
59932276 9091
59943708 9091
59956456 9091
59970905 9091
59984245 9091
59998138 9091
60012122 9091
60025365 9091
60039859 9091
60053879 9091
60068178 9091
60082248 9091
60097659 9091
60111093 9091
60122905 9091
60134258 9091
60147666 9091
60161040 9091
60175968 9091
60193761 9091
60206744 9091
60220162 9091
60232969 9091
60246935 9091
60261051 9091
60273395 9091
60287797 9091
60301033 9091
60315316 9091
60329470 9091
60344374 9091
60359008 9091
60370057 9091
60383570 9091
60394647 9091
60408144 9091
60419144 9091
60433242 9091
60444157 9091
60455747 9091
60468511 9091
60479796 9091
60493372 9091
60510875 9091
60523595 9091
60534745 9091
60546307 9091
60559579 9091
60571595 9091
60583974 9091
60598792 9091
60613684 9091
60627699 9091
60641804 9091
60655589 9091
60668990 9091
60679983 9091
60693171 9091
60706770 9091
60717686 9091
60729135 9091
60743664 9091
60757692 9091
60768683 9091
60782958 9091
60795661 9091
60808335 9091
60822936 9091
60834178 9091
60848658 9091
60862497 9091
60878530 9091
60892733 9091
60905469 9091
60918414 9091
60931435 9091
60943094 9091
60956924 9091
60970377 9091
60984747 9091
60998389 9091
61012130 9091
61025527 9091
61037220 9091
61048768 9091
61062267 9091
61076944 9091
61090915 9091
61103861 9091
61118545 9091
61132399 9091
61146398 9091
61159885 9091
61172992 9091
61185786 9091
61196775 9091
61210171 9091
61221012 9091
61233686 9091
61244978 9091
61256485 9091
61270187 9091
61283286 9091
61296606 9091
61309652 9091
61324803 9091
61336911 9091
61350795 9091
61363267 9091
61374225 9091
61387680 9091
61398814 9091
61410313 9091
61424227 9091
61436271 9091
61448139 9091
61462595 9091
61475370 9091
61489068 9091
61503068 9091
61516868 9091
61529514 9091
61544206 9091
61557830 9091
61572029 9091
61585672 9091
61597277 9091
61610735 9091
61624410 9091
61635945 9091
61649721 9091
61660702 9091
61674543 9091
61687564 9091
61700521 9091
61714257 9091
61727878 9091
61741349 9091
61755624 9091
61769848 9091
61783090 9091
61794209 9091
61806976 9091
61820651 9091
61834663 9091
61848718 9091
61862816 9091
61874105 9091
61887305 9091
61901535 9091
61915457 9091
61928683 9091
61941722 9091
61955520 9091
61969262 9091
61982777 9091
61995853 9091
62007407 9091
62021079 9091
62034289 9091
62048294 9091
62061590 9091
62074607 9091
62086758 9091
62099910 9091
62111041 9091
62122870 9091
62136539 9091
62150862 9091
62163670 9091
62177542 9091
62191995 9091
62203639 9091
62215480 9091
62227559 9091
62240255 9091
62254012 9091
62265909 9091
62278151 9091
62291399 9091
62305500 9091
62316573 9091
62328341 9091
62341797 9091
62355720 9091
62368574 9091
62382271 9091
62393323 9091
62405328 9091
62419621 9091
62431066 9091
62445129 9091
62458361 9091
62473400 9091
62487545 9091
62500764 9091
62513854 9091
62527935 9091
62540914 9091
62555077 9091
62567888 9091
62581987 9091
62595786 9091
62608778 9091
62622606 9091
62636803 9091
62650990 9091
62661943 9091
62675616 9091
62687597 9091
62700619 9091
62714810 9091
62730090 9091
62744465 9091
62755963 9091
62767882 9091
62782204 9091
62796817 9091
62807903 9091
62821704 9091
62834928 9091
62848875 9091
62862996 9091
62876485 9091
62888272 9091
62899294 9091
62910120 9091
62924092 9091
62937852 9091
62952236 9091
62965988 9091
62978283 9091
62989836 9091
63000772 9091
63014898 9091
63031456 9091
63043009 9091
63054409 9091
63068026 9091
63081915 9091
63095540 9091
63108809 9091
63122827 9091
63136892 9091
63148796 9091
63164344 9091
63175624 9091
63187436 9091
63201220 9091
63216145 9091
63233909 9091
63247267 9091
63260197 9091
63271711 9091
63285611 9091
63298380 9091
63312650 9091
63326494 9091
63337589 9091
63350195 9091
63363432 9091
63376489 9091
63390573 9091
63402536 9091
63416953 9091
63430892 9091
63446673 9091
63459781 9091
63473751 9091
63487809 9091
63499994 9091
63513112 9091
63527557 9091
63541846 9091
63552705 9091
63565114 9091
63579917 9091
63593767 9091
63606881 9091
63620593 9091
63634016 9091
63648290 9091
63661826 9091
63676302 9091
63689430 9091
63703031 9091
63716888 9091
63730739 9091
63744542 9091
63758243 9091
63772251 9091
63785127 9091
63798916 9091
63813406 9091
63825034 9091
63838928 9091
63853213 9091
63867698 9091
63882271 9091
63896003 9091
63907554 9091
63921223 9091
63935311 9091
63948619 9091
63963303 9091
63979428 9091
63994654 9091
64006255 9091
64017466 9091
64028463 9091
64041266 9091
64054367 9091
64070042 9091
64082972 9091
64094796 9091
64106012 9091
64116949 9091
64131165 9091
64145475 9091
64159916 9091
64173263 9091
64188891 9091
64201772 9091
64215953 9091
64229198 9091
64240257 9091
64251348 9091
64262204 9091
64273057 9091
64287271 9091
64301626 9091
64314549 9091
64327927 9091
64342415 9091
64356119 9091
64369935 9091
64381119 9091
64394824 9091
64408349 9091
64421717 9091
64435796 9091
64449285 9091
64464319 9091
64477730 9091
64490423 9091
64503849 9091
64515280 9091
64529368 9091
64544485 9091
64558586 9091
64570342 9091
64583630 9091
64597623 9091
64611628 9091
64625654 9091
64639647 9091
64652667 9091
64666676 9091
64680703 9091
64693529 9091
64704833 9091
64716746 9091
64731605 9091
64742628 9091
64754337 9091
64768179 9091
64779608 9091
64791978 9091
64804014 9091
64818280 9091
64832684 9091
64846776 9091
64859052 9091
64872939 9091
64886978 9091
64901264 9091
64917421 9091
64928858 9091
64942202 9091
64954430 9091
64967461 9091
64981047 9091
64993849 9091
65004898 9091
65018186 9091
65031986 9091
65045655 9091
65057707 9091
65070023 9091
65083801 9091
65094946 9091
65106563 9091
65118829 9091
65132805 9091
65144369 9091
65158607 9091
65172785 9091
65185727 9091
65199262 9091
65212395 9091
65224255 9091
65235682 9091
65249657 9091
65263567 9091
65276691 9091
65288218 9091
65301233 9091
65315086 9091
65329089 9091
65343043 9091
65355575 9091
65369380 9091
65383110 9091
65396263 9091
65409436 9091
65421027 9091
65432176 9091
65445116 9091
65458208 9091
65471672 9020
65485736 9020
65499946 9020
65514354 9020
65527967 9020
65542537 9020
65555564 9020
65567334 9020
65579589 9020
65593639 9020
65607358 9020
65618119 9020
65631287 9020
65645233 9020
65659253 9020
65673507 9020
65686621 9020
65697826 9020
65710437 9020
65723312 9020
65737217 9020
65748563 9020
65762058 9020
65778316 9020
65792070 9020
65805779 9020
65816793 9020
65828383 9020
65839472 9020
65853389 9020
65866608 9020
65880671 9019
65893707 9019
65907069 9019
65919174 9019
65931856 9019
65943316 9019
65957786 9019
65969538 9019
65983351 9019
65996565 9019
66010198 9019
66021093 9019
66032640 9019
66046589 9019
66061641 9019
66075796 9019
66090486 9019
66103954 9019
66119314 9019
66132815 9019
66144345 9019
66158735 9019
66173286 9019
66184522 9019
66198644 9019
66212315 9019
66227578 9019
66238424 9019
66252164 9019
66266482 9019
66280795 9019
66294394 9019
66308410 9019
66320213 9019
66331308 9019
66345750 9019
66359869 9019
66374041 9019
66389254 9019
66402043 9019
66415702 9019
66429868 9019
66443717 9019
66457528 9019
66471798 9019
66486101 9019
66497413 9019
66511139 9019
66524264 9019
66537666 9019
66551377 9019
66563530 9019
66574927 9019
66588405 9019
66601939 9019
66614768 9019
66628502 9019
66642400 9019
66653480 9019
66667021 9019
66682343 9019
66696837 9019
66711436 9019
66727759 9019
66741678 9019
66753616 9019
66764720 9019
66779021 9019
66793285 9019
66806691 9019
66818375 9019
66829869 9019
66843197 9019
66854601 9019
66866428 9019
66879857 9019
66893680 9019
66905121 9019
66919193 9019
66933266 9019
66945997 9019
66959850 9019
66975842 9019
66989827 9019
67001636 9019
67015471 9019
67026402 9019
67040496 9019
67054268 9019
67065539 9019
67078623 9019
67092679 9019
67106614 9019
67117591 9019
67132668 9019
67144037 9019
67157760 9019
67170589 9019
67183819 9019
67200934 9019
67214348 9019
67228035 9019
67241753 9019
67255374 9019
67268785 9019
67282242 9019
67293405 9019
67305778 9019
67319002 9019
67332800 9019
67343795 9019
67357825 9019
67371618 9019
67383241 9019
67394426 9019
67405647 9019
67419670 9019
67433707 9019
67447016 9019
67460622 9019
67472013 9019
67482934 9019
67494684 9019
67507493 9019
67521604 9019
67533280 9019
67546507 9019
67557821 9019
67569259 9019
67582662 9019
67597114 9019
67610233 9019
67624203 9019
67637938 9019
67650656 9019
67664357 9019
67676187 9019
67689373 9019
67702631 9019
67715222 9019
67729121 9019
67742055 9019
67755521 9019
67769407 9019
67784758 9019
67798786 9019
67812536 9019
67826256 9019
67840199 9019
67853205 9019
67866385 9019
67878136 9019
67892074 9019
67906915 9019
67921440 9019
67935425 9019
67951901 9019
67962737 9019
67975892 9019
67989977 9019
68004042 9019
68019863 9019
68033613 9019
68047614 9019
68061649 9019
68079184 9019
68096086 9019
68108031 9019
68121599 9019
68132698 9019
68145871 9019
68160449 9019
68174165 9019
68188356 9019
68199988 9019
68211030 9019
68225504 9019
68240974 9019
68254553 9019
68266367 9019
68278239 9019
68289227 9019
68302754 9019
68315502 9019
68328515 9019
68339609 9019
68351352 9019
68363702 9019
68379600 9019
68393939 9019
68404799 9019
68417937 9019
68431647 9019
68444851 9019
68459111 9019
68472956 9019
68487014 9019
68501343 9019
68515120 9019
68526432 9019
68540174 9019
68551212 9019
68562260 9019
68575821 9019
68587416 9019
68601057 9019
68614542 9019
68628174 9019
68642233 9019
68656383 9019
68670178 9019
68683061 9019
68696607 9019
68710655 9019
68724600 9019
68736633 9019
68747564 9019
68758321 9019
68769213 9019
68781070 9019
68793406 9019
68807489 9019
68820326 9019
68831441 9019
68846303 9019
68859508 9019
68874591 9019
68888300 9019
68899222 9019
68914351 9019
68930477 9019
68944874 9019
68959154 9019
68970722 9019
68985290 9019
68999310 9019
69010278 9019
69023041 9019
69036908 9019
69050668 9019
69064768 9019
69076935 9019
69090755 9019
69104715 9019
69118951 9019
69131344 9019
69143709 9019
69156965 9019
69170594 9019
69186966 9019
69200021 9019
69211195 9019
69223388 9019
69236806 9019
69249985 9019
69263669 9019
69279338 9019
69293555 9019
69309396 9019
69323306 9019
69336021 9019
69347174 9019
69360954 9019
69374642 9019
69388319 9019
69401225 9019
69413743 9019
69424647 9019
69438373 9019
69449761 9019
69461620 9019
69474816 9019
69488698 9019
69499692 9019
69512736 9019
69524241 9019
69538298 9019
69553127 9019
69566237 9019
69579217 9019
69593912 9019
69607746 9019
69623541 9019
69636366 9019
69650115 9019
69662238 9019
69676811 9019
69690260 9019
69701186 9019
69715612 9019
69727791 9019
69741418 9019
69755661 9019
69769726 9019
69784331 9019
69795710 9019
69809722 9019
69823292 9019
69836294 9019
69851568 9019
69864911 9019
69877956 9019
69892409 9019
69905850 9019
69919751 9019
69933742 9019
69946487 9019
69960704 9019
69972063 9019
69985247 9019
69996226 9019
70010140 9019
70022283 9019
70036213 9019
70050132 9019
70064304 9019
70078524 9019
70091809 9019
70105982 9019
70122029 9019
70136400 9019
70149193 9019
70160161 9019
70173696 9019
70185580 9019
70196611 9019
70210486 9019
70224473 9019
70237429 9019
70251128 9019
70263078 9019
70275913 9019
70287156 9019
70298083 9019
70312316 9019
70325324 9019
70339089 9019
70353778 9019
70368876 9019
70383202 9019
70396872 9019
70413412 9019
70426126 9019
70438974 9019
70452376 9019
70466049 9019
70480679 9019
70494381 9019
70509029 9019
70519993 9019
70533635 9019
70545209 9019
70557500 9019
70571308 9019
70583943 9019
70596982 9019
70610025 9019
70623977 9019
70635799 9019
70649958 9019
70663864 9019
70676520 9019
70689401 9019
70703642 9019
70716722 9019
70729508 9019
70741622 9019
70753092 9019
70766633 9019
70780332 9019
70794207 9019
70805236 9019
70818739 9019
70832204 9019
70845231 9019
70860001 9019
70873240 9019
70887137 9019
70901067 9019
70914979 9019
70926282 9019
70939062 9019
70951779 9019
70965437 9019
70979195 9019
70994780 9019
71010851 9019
71027291 9019
71040971 9019
71054566 9019
71068126 9019
71080916 9019
71097277 9019
71111676 9019
71126093 9019
71140238 9019
71154318 9019
71168400 9019
71183946 9019
71198314 9019
71212239 9019
71226996 9019
71240773 9019
71251762 9019
71262786 9019
71276422 9019
71289116 9019
71304943 9019
71319047 9019
71332266 9019
71348495 9019
71362176 9019
71375752 9019
71386593 9019
71400549 9019
71414108 9019
71428189 9019
71441616 9019
71455015 9019
71467275 9019
71481212 9019
71495297 9019
71506939 9019
71522033 9019
71535966 9019
71550317 9019
71564784 9019
71582185 9019
71596791 9019
71609692 9019
71623863 9019
71635143 9019
71646551 9019
71658776 9019
71671688 9019
71685558 9019
71699608 9019
71710622 9019
71722475 9019
71736538 9019
71750546 9019
71763716 9019
71777750 9019
71790764 9019
71802769 9019
71816667 9019
71830414 9019
71843563 9019
71856459 9019
71868525 9019
71880480 9019
71891594 9019
71904674 9019
71918988 9019
71933453 9019
71947184 9019
71962477 9019
71973514 9019
71984879 9019
71996040 9019
72009308 9019
72022729 9019
72033889 9019
72048952 9019
72060116 9019
72071847 9019
72084938 9019
72099399 9019
72111052 9019
72125834 9019
72140031 9019
72153876 9019
72168038 9019
72180164 9019
72196261 9019
72209188 9019
72223108 9019
72234829 9019
72246317 9019
72260695 9019
72273940 9019
72285601 9019
72299003 9019
72312510 9019
72325540 9019
72337087 9019
72348846 9019
72362012 9019
72375727 9019
72389636 9019
72403748 9019
72417678 9019
72430674 9019
72442270 9019
72455377 9019
72467353 9019
72478460 9019
72492379 9019
72506839 9019
72521808 9019
72535649 9019
72549631 9019
72563243 9019
72574707 9019
72588983 9019
72605215 9019
72619974 9019
72634288 9019
72648633 9019
72661428 9019
72673186 9019
72684191 9019
72698647 9019
72712527 9019
72724013 9019
72735517 9019
72748619 9019
72760156 9019
72773180 9019
72784798 9019
72796871 9019
72810022 9019
72821092 9019
72835020 9019
72848870 9019
72862799 9019
72879635 9019
72893766 9019
72907226 9019
72920734 9019
72932288 9019
72943641 9019
72955673 9019
72966600 9019
72980272 9019
72993140 9019
73007052 9019
73021075 9019
73034641 9019
73045661 9019
73056949 9019
73070806 9019
73084149 9019
73097916 9019
73111851 9019
73127943 9019
73142276 9019
73155815 9019
73169828 9019
73182323 9019
73196128 9019
73210715 9019
73225527 9019
73240161 9019
73253993 9019
73267916 9019
73278951 9019
73291666 9019
73304467 9019
73317772 9019
73331929 9019
73346158 9019
73360077 9019
73373963 9019
73387137 9019
73401011 9019
73411887 9019
73425088 9019
73437752 9019
73450947 9019
73464719 9019
73478306 9019
73491331 9019
73505367 9019
73519227 9019
73532967 9019
73547159 9019
73559942 9019
73572341 9019
73585873 9019
73600656 9019
73614559 9019
73630121 9019
73644567 9019
73658631 9019
73671033 9019
73682160 9019
73697886 9019
73711177 9019
73728029 9019
73744825 9019
73756403 9019
73770397 9019
73784957 9019
73798549 9019
73812423 9019
73826438 9019
73840548 9019
73854550 9019
73868424 9019
73883142 9019
73896949 9019
73911002 9019
73924869 9019
73939479 9019
73951071 9019
73965318 9019
73981661 9019
73993210 9019
74006611 9019
74020930 9019
74035208 9019
74047153 9019
74061289 9019
74075212 9019
74088513 9019
74102079 9019
74114715 9019
74126282 9019
74142550 9019
74156369 9019
74170136 9019
74181021 9019
74194805 9019
74208554 9019
74219881 9019
74233867 9019
74248389 9019
74260481 9019
74272407 9019
74285597 9019
74297683 9019
74309275 9019
74320838 9019
74334166 9019
74345527 9019
74357375 9019
74370597 9019
74384967 9019
74398865 9019
74412137 9019
74426210 9019
74437950 9019
74453180 9019
74466281 9019
74480209 9019
74493398 9019
74505111 9019
74516897 9019
74530045 9019
74542407 9019
74556152 9019
74570009 9019
74583895 9019
74595746 9019
74607715 9019
74621500 9019
74634305 9019
74646091 9019
74660012 9019
74671859 9019
74683742 9019
74695613 9019
74708271 9019
74719678 9019
74732487 9019
74746497 9019
74758787 9019
74772710 9019
74785574 9019
74799270 9019
74812407 9019
74827728 9019
74841314 9019
74857657 9019
74871535 9019
74885686 9019
74900353 9019
74914234 9019
74927815 9019
74941730 9019
74956654 9019
74970613 9019
74981999 9019
74996155 9019
75010112 9019
75021957 9019
75036010 9019
75049604 9019
75063573 9019
75077390 9019
75091499 9019
75103944 9019
75115931 9019
75130619 9019
75141752 9019
75152956 9019
75166504 9019
75181087 9019
75195210 9019
75209476 9019
75223295 9019
75237518 9019
75251041 9019
75267735 9019
75281986 9019
75293710 9019
75307979 9019
75322388 9019
75334550 9019
75348097 9019
75361501 9019
75372418 9019
75384892 9019
75399353 9019
75413047 9019
75429051 9019
75442191 9019
75457456 9019
75472088 9019
75483150 9019
75497094 9019
75511205 9019
75524474 9019
75538289 9019
75551887 9019
75566073 9019
75579747 9019
75593335 9019
75606535 9019
75618921 9019
75632825 9019
75647792 9019
75663042 9019
75676189 9019
75687185 9019
75701346 9019
75715494 9019
75726706 9019
75738410 9019
75752879 9019
75766583 9019
75780461 9019
75794435 9019
75808266 9019
75824164 9019
75837742 9019
75850173 9019
75863741 9019
75877225 9019
75888936 9019
75900511 9019
75914466 9019
75928065 9019
75939469 9019
75950410 9019
75963832 9019
75977998 9019
75989142 9019
76002042 9019
76015198 9019
76030393 9019
76041500 9019
76054707 9019
76068990 9019
76085617 9019
76099384 9019
76113552 9019
76127843 9019
76139354 9019
76150332 9019
76164733 9019
76175896 9019
76188625 9019
76202495 9019
76216633 9019
76230788 9019
76244780 9019
76258608 9019
76272152 9019
76285222 9019
76299693 9019
76314753 9019
76328766 9019
76343289 9019
76356548 9019
76368988 9019
76382754 9019
76396514 9019
76409670 9019
76421548 9019
76435303 9019
76449662 9019
76460608 9019
76473668 9019
76488370 9019
76501958 9019
76514709 9019
76527947 9019
76542012 9019
76555668 9019
76568508 9019
76581954 9019
76596376 9019
76608135 9019
76620649 9019
76631748 9019
76645799 9019
76659749 9019
76671027 9019
76685214 9019
76699171 9019
76713902 9019
76726737 9019
76740739 9019
76752946 9019
76769405 9019
76781506 9019
76794619 9019
76806210 9019
76819580 9019
76831742 9019
76845758 9019
76857573 9019
76871251 9019
76882975 9019
76896950 9019
76911203 9019
76923847 9019
76938013 9019
76949512 9019
76963765 9019
76977725 9019
76988799 9019
77000529 9019
77014346 9019
77028335 9019
77041489 9019
77055194 9019
77066447 9019
77080702 9019
77094784 9019
77106484 9019
77118209 9019
77129220 9019
77141168 9019
77155085 9019
77170732 9019
77184654 9019
77196182 9019
77210206 9019
77224533 9019
77238097 9019
77252152 9019
77265969 9019
77280429 9019
77294788 9019
77306822 9019
77321114 9019
77335218 9019
77348852 9019
77360130 9019
77373576 9019
77387480 9019
77402102 9019
77415734 9019
77426965 9019
77439515 9019
77452595 9019
77464104 9019
77477722 9019
77489548 9019
77503315 9019
77517441 9019
77531067 9019
77545078 9019
77558824 9019
77570118 9019
77583404 9019
77597154 9019
77608203 9019
77621429 9019
77632991 9019
77646665 9019
77660317 9019
77671546 9019
77686601 9019
77698311 9019
77709950 9019
77722842 9019
77737040 9019
77751010 9019
77765205 9019
77778884 9019
77790181 9019
77803556 9019
77817282 9019
77831502 9019
77843531 9019
77857445 9019
77868578 9019
77879824 9019
77893846 9019
77907807 9019
77921674 9019
77935020 9019
77947778 9019
77961776 9019
77975540 9019
77989531 9019
78003170 9019
78017060 9019
78030492 9019
78041376 9019
78054581 9019
78067463 9019
78078558 9019
78091530 9019
78105713 9019
78118634 9019
78132361 9019
78146117 9019
78159661 9019
78170969 9019
78183889 9019
78197645 9019
78211308 9019
78225223 9019
78239388 9019
78250541 9019
78261596 9019
78275355 9019
78289248 9019
78303164 9019
78314727 9019
78328049 9019
78339769 9019
78353914 9019
78367706 9019
78381044 9019
78395589 9019
78409522 9019
78424002 9019
78437654 9019
78451890 9019
78466371 9019
78479911 9019
78493597 9019
78507205 9019
78521400 9019
78535875 9019
78547386 9019
78560379 9019
78573712 9019
78587532 9019
78602068 9019
78615819 9019
78629099 9019
78640922 9019
78654792 9019
78668879 9019
78682920 9019
78695946 9019
78709829 9019
78723890 9019
78737696 9019
78751166 9019
78762532 9019
78776330 9019
78788270 9019
78801216 9019
78814931 9019
78827998 9019
78841519 9019
78855585 9019
78869262 9019
78883003 9019
78896156 9019
78908209 9019
78922032 9019
78934696 9019
78945886 9019
78957714 9019
78970506 9019
78983160 9019
78996098 9019
79007739 9019
79019408 9019
79033519 9019
79048032 9019
79062064 9019
79076047 9019
79089914 9019
79104315 9019
79120083 9019
79134676 9019
79149213 9019
79160413 9019
79172445 9019
79186882 9019
79198895 9019
79213135 9019
79226959 9019
79240895 9019
79252879 9019
79266767 9019
79280424 9019
79291676 9019
79307101 9019
79318440 9019
79332712 9019
79346362 9019
79357393 9019
79369517 9019
79383686 9019
79395547 9019
79407920 9019
79421722 9019
79435696 9019
79449897 9019
79466013 9019
79478152 9019
79489508 9019
79501245 9019
79512474 9019
79526284 9019
79540528 9019
79554733 9019
79566437 9019
79578417 9019
79590104 9019
79601067 9019
79612935 9019
79626957 9019
79640473 9019
79654644 9019
79668752 9019
79682352 9019
79695274 9019
79709047 9019
79722696 9019
79736656 9019
79751031 9019
79765593 9019
79782512 9019
79796275 9019
79807824 9019
79820982 9019
79835001 9019
79849259 9019
79862967 9019
79877336 9019
79888468 9019
79902288 9019
79917819 9019
79932034 9019
79944493 9019
79959452 9019
79975341 9019
79989981 9019
80004005 9019
80017508 9019
80032024 9019
80043448 9019
80055119 9019
80068986 9019
80082999 9019
80097163 9019
80113015 9019
80126779 9019
80139898 9019
80154437 9019
80168723 9019
80182497 9019
80196427 9019
80209771 9019
80223884 9019
80237513 9019
80251692 9019
80264821 9019
80276808 9019
80288324 9019
80301693 9019
80315862 9019
80328259 9019
80341772 9019
80355838 9019
80368061 9019
80381914 9019
80393179 9019
80407048 9019
80421050 9019
80434445 9019
80448401 9019
80462890 9019
80477144 9019
80490564 9019
80502508 9019
80516237 9019
80527936 9019
80541060 9019
80554530 9019
80566705 9019
80579764 9019
80591607 9019
80604730 9019
80617687 9019
80631362 9019
80646654 9019
80658320 9019
80669935 9019
80680993 9019
80694715 9019
80708014 9019
80721404 9019
80734809 9019
80746602 9019
80761097 9019
80775416 9019
80790230 9019
80803697 9019
80818102 9019
80831495 9019
80843041 9019
80856533 9019
80867736 9019
80881224 9019
80894602 9019
80905738 9019
80918931 9019
80931623 9019
80945521 9019
80959683 9019
80974915 9019
80986038 9019
80998762 9019
81012634 9019
81026137 9019
81039977 9019
81054022 9019
81065242 9019
81078130 9019
81092772 9019
81106146 9019
81119450 9019
81133438 9019
81145261 9019
81161093 9019
81172387 9019
81186432 9019
81200434 9019
81214729 9019
81230036 9019
81240914 9019
81254489 9019
81266246 9019
81280026 9019
81291547 9019
81305073 9019
81319036 9019
81332699 9019
81345877 9019
81359790 9019
81374682 9019
81386512 9019
81399214 9019
81411373 9019
81425550 9019
81437005 9019
81450884 9019
81466040 9019
81480137 9019
81493188 9019
81507345 9019
81520358 9019
81532179 9019
81546562 9019
81558400 9019
81572278 9019
81584310 9019
81598038 9019
81611883 9019
81624963 9019
81638132 9019
81652546 9019
81666242 9019
81681035 9019
81694999 9019
81708101 9019
81721610 9019
81733119 9019
81746795 9019
81760399 9019
81774287 9019
81788206 9019
81799297 9019
81812588 9019
81823604 9019
81836082 9019
81847656 9019
81861645 9019
81875585 9019
81887704 9019
81901894 9019
81915911 9019
81927700 9019
81942499 9019
81957004 9019
81969161 9019
81983173 9019
81995471 9019
82008643 9019
82023134 9019
82034248 9019
82048352 9019
82061838 9019
82075888 9019
82089099 9019
82100991 9019
82114087 9019
82127873 9019
82142523 9019
82155707 9019
82169370 9019
82180347 9019
82193504 9019
82207477 9019
82221539 9019
82235256 9019
82246772 9019
82258117 9019
82269125 9019
82283140 9019
82297951 9019
82310625 9019
82324571 9019
82336379 9019
82350156 9019
82361410 9019
82375378 9019
82389521 9019
82402299 9019
82416117 9019
82427367 9019
82440187 9019
82452368 9019
82464189 9019
82475366 9019
82486543 9019
82501278 9019
82512295 9019
82525786 9019
82539363 9019
82555516 9019
82567275 9019
82579519 9019
82591299 9019
82604555 9019
82619737 9019
82633272 9019
82644539 9019
82659331 9019
82673534 9019
82687056 9019
82700505 9019
82712381 9019
82728080 9019
82742220 9019
82756261 9019
82770077 9019
82783768 9019
82798254 9019
82814755 9019
82829207 9019
82842987 9019
82857291 9019
82868800 9019
82882950 9019
82895704 9019
82909326 9019
82923051 9019
82938177 9019
82949803 9019
82960875 9019
82972462 9019
82984154 9019
82997919 9019
83008788 9019
83022940 9019
83036636 9019
83050843 9019
83064506 9019
83080492 9019
83092556 9019
83105830 9019
83120946 9019
83134833 9019
83149657 9019
83163751 9019
83178303 9019
83192683 9019
83206317 9019
83220566 9019
83231486 9019
83244459 9019
83256017 9019
83266790 9019
83278031 9019
83291683 9019
83303176 9019
83314855 9019
83328828 9019
83341341 9019
83355179 9019
83368275 9019
83381271 9019
83394990 9019
83408779 9019
83422434 9019
83433605 9019
83446775 9019
83460668 9019
83474618 9019
83486299 9019
83497124 9019
83508621 9019
83522632 9019
83533925 9019
83547756 9019
83560616 9019
83572176 9019
83585844 9019
83598689 9019
83612241 9019
83625120 9019
83637037 9019
83651314 9019
83662493 9019
83674167 9019
83687494 9019
83698463 9019
83711761 9019
83722756 9019
83736919 9019
83750273 9019
83761911 9019
83773634 9019
83787522 9019
83801409 9019
83814791 9019
83829242 9019
83843226 9019
83854199 9019
83868376 9019
83882270 9019
83896693 9019
83910213 9019
83921130 9019
83932884 9019
83946920 9019
83960896 9019
83971743 9019
83984724 9019
83998836 9019
84012713 9019
84027384 9019
84042039 9019
84056588 9019
84070437 9019
84082881 9019
84096687 9019
84110941 9019
84125028 9019
84136145 9019
84150100 9019
84164258 9019
84177924 9019
84193768 9019
84205127 9019
84219121 9019
84230423 9019
84244670 9019
84259292 9019
84270681 9019
84284200 9019
84298305 9019
84313254 9019
84328693 9019
84343182 9019
84356841 9019
84367768 9019
84381012 9019
84392370 9019
84406098 9019
84417669 9019
84431469 9019
84442985 9019
84454953 9019
84468852 9019
84482331 9019
84496500 9019
84510272 9019
84524137 9019
84538774 9019
84556258 9019
84570992 9019
84584731 9019
84598992 9019
84615281 9019
84627399 9019
84641449 9019
84655619 9019
84669465 9019
84680400 9019
84693985 9019
84705811 9019
84719578 9019
84731347 9019
84745348 9019
84758965 9019
84773021 9019
84788379 9019
84799707 9019
84815256 9019
84828737 9019
84842097 9019
84853869 9019
84867525 9019
84882905 9019
84897136 9019
84911340 9019
84925565 9019
84938148 9019
84951621 9019
84965390 9019
84976887 9019
84989521 9019
85002605 9019
85013659 9019
85026428 9019
85039714 9019
85053961 9019
85068177 9019
85079131 9019
85090924 9019
85104831 9019
85118940 9019
85133054 9019
85143855 9019
85155013 9019
85167629 9019
85178650 9019
85192784 9019
85205896 9019
85218012 9019
85231602 9019
85245804 9019
85260302 9019
85271510 9019
85283796 9019
85295772 9019
85309331 9019
85320171 9019
85333147 9019
85347443 9019
85361226 9019
85372926 9019
85386318 9019
85400198 9019
85411942 9019
85427315 9019
85441863 9019
85454984 9019
85468586 9019
85482458 9019
85496947 9019
85508769 9019
85521761 9019
85535550 9019
85548117 9019
85562377 9019
85573580 9019
85586830 9019
85600134 9019
85614798 9019
85625733 9019
85637588 9019
85651974 9019
85665993 9019
85679861 9019
85693771 9019
85705335 9019
85716723 9019
85730717 9019
85744599 9019
85758854 9019
85770104 9019
85782295 9019
85795877 9019
85808876 9019
85822709 9019
85836619 9019
85850610 9019
85863616 9019
85875266 9019
85889232 9019
85903552 9019
85917051 9019
85930063 9019
85943501 9019
85958680 9019
85971510 9019
85985801 9019
85997569 9019
86011480 9019
86024405 9019
86037754 9019
86049241 9019
86061674 9019
86074433 9019
86087094 9019
86100516 9019
86115974 9019
86130232 9019
86141832 9019
86155374 9019
86169676 9019
86182263 9019
86196168 9019
86209299 9019
86223300 9019
86236500 9019
86250514 9019
86261508 9019
86275058 9019
86286334 9019
86299957 9019
86313614 9019
86328124 9019
86339193 9019
86352710 9019
86367598 9019
86378515 9019
86392199 9019
86405522 9019
